1.000000e+00 4.216867e-02 4.414587e-02 6.638116e-02 1.052632e-01 4.545455e-02 1.111111e-01 7.142857e-02 8.695652e-02 7.865169e-02 9.944751e-02 1.250000e-01 6.060606e-02 1.136364e-01 1.259843e-01 1.052632e-01 6.321839e-02 1.078431e-01 1.758148e-02 1.372549e-01 2.803030e-02 4.545455e-02 2.253521e-01 4.545455e-02 9.815951e-02 1.111111e-01 8.557457e-02 1.258741e-01 6.329114e-02 1.338028e-01 2.788536e-02 4.229607e-02 2.388060e-01 2.394366e-01 2.938296e-02 7.308970e-02 4.661654e-02 1.302083e-01 1.066667e-01 7.103825e-02 5.295008e-02 6.345178e-02 6.321839e-02 1.265060e-01 7.438017e-02 8.374384e-02 1.333333e-01 9.392265e-02 4.201681e-02 2.253521e-01 4.969880e-02 4.367470e-02 4.268293e-02 4.524887e-02 5.720824e-02 4.907975e-02 2.435312e-02 1.302083e-01 2.777778e-02 6.208426e-02 1.373723e-02 4.243281e-02 9.704641e-02 1.136364e-01 7.194245e-02 6.783920e-02 1.052632e-01 3.076923e-02 4.072398e-02 1.447368e-01 9.917355e-02 4.633782e-02 6.263982e-02 1.139241e-01 1.666667e-01 8.123249e-02 1.384615e-01 1.600000e-01 2.253521e-01 2.238806e-01 6.153846e-02 7.692308e-02 1.230769e-01 1.000000e-01 1.212121e-01 8.127208e-02 3.787879e-02 5.227273e-02 1.521739e-01 4.464286e-02 8.812261e-02 4.229607e-02 3.921569e-02 4.682779e-02 1.025641e-01 4.360902e-02 4.367470e-02 3.522727e-02 3.776435e-02 4.484305e-02 6.697460e-02 6.097561e-02 8.123249e-02 1.084337e-01 1.527778e-01 1.917808e-01 5.099778e-02 6.032483e-02 6.886228e-02 6.987952e-02 6.024096e-02 6.756757e-02 3.720238e-02 4.029851e-02 4.725610e-02 4.229607e-02 4.360902e-02 4.186047e-02 8.727273e-02 8.280255e-02 5.544554e-02 1.257485e-01 3.719008e-02 1.997245e-02 1.265060e-01 8.695652e-02 5.829596e-02 9.523810e-02 4.098361e-02 4.491018e-02 1.076923e-01 2.854996e-02 2.253521e-01 4.662379e-02 4.309064e-02 2.874433e-02 4.682779e-02 9.734513e-02 4.491018e-02 4.696970e-02 4.197901e-02 3.765060e-02 2.571861e-02 3.603604e-02 2.567976e-02 3.047484e-02 4.511278e-02 4.166667e-02 4.504505e-02 4.661654e-02 3.742515e-02 3.232759e-02 5.291005e-02 2.690583e-02 1.074589e-02 4.367470e-02 4.437870e-02 7.194245e-02 1.616333e-02 1.136364e-01 2.946955e-02 3.164557e-02 7.194245e-02 4.848485e-02 4.090909e-02 4.166667e-02 3.787879e-02 4.518072e-02 4.248862e-02 8.695652e-02 3.566122e-02 3.903904e-02 4.242424e-02 7.303371e-02 4.580153e-02 2.716981e-02 2.727273e-02 2.748092e-02 1.039427e-01 2.571861e-02 4.870130e-02 4.769001e-02 1.159420e-01 6.167401e-02 4.304161e-02 2.550638e-02 4.097117e-02 4.072398e-02 6.783920e-02 1.758148e-02 3.731343e-02 2.007808e-02 5.192878e-02 2.781955e-02 2.548726e-02 3.753027e-02
4.216867e-02 1.000000e+00 1.784232e-01 3.756831e-01 8.270677e-02 1.700405e-01 8.270677e-02 9.672619e-02 1.230101e-01 1.439060e-01 8.520179e-02 2.865762e-02 1.639566e-01 9.803922e-02 7.004471e-02 8.270677e-02 1.381766e-01 1.099554e-01 9.843684e-02 7.324365e-02 3.983619e-01 1.700405e-01 3.614458e-02 1.673414e-01 8.095952e-02 8.270677e-02 1.575145e-01 7.541478e-02 2.262443e-02 7.390649e-02 1.330827e-01 8.325859e-01 3.765060e-02 3.614458e-02 1.520211e-01 1.270553e-01 4.454545e-01 8.708709e-02 2.477477e-01 1.414141e-01 4.024943e-01 1.334270e-01 1.381766e-01 7.228916e-02 1.511111e-01 1.089552e-01 7.379518e-02 7.207207e-02 1.534392e-01 3.614458e-02 4.419134e-01 8.363363e-01 8.150376e-01 4.018161e-01 3.572496e-01 6.337818e-01 4.164777e-01 8.708709e-02 1.408555e-01 1.738506e-01 2.028883e-01 3.969849e-01 1.904762e-01 9.803922e-02 1.527378e-01 1.293952e-01 8.270677e-02 1.206637e-02 7.877429e-01 2.714932e-02 1.609538e-01 4.439411e-01 1.925255e-01 3.469080e-02 3.167421e-02 3.845007e-01 3.167421e-02 3.614458e-02 3.614458e-02 3.469080e-02 1.508296e-02 1.508296e-02 1.960784e-02 2.413273e-02 3.318250e-02 3.725490e-01 8.298193e-01 5.007519e-01 5.555556e-02 8.494784e-01 1.572700e-01 8.554217e-01 8.526316e-01 4.472191e-01 2.402402e-02 8.418675e-01 4.443182e-01 2.666667e-01 8.393393e-01 8.420268e-01 4.924925e-01 2.111614e-02 3.859911e-01 3.469080e-02 2.413273e-02 2.865762e-02 1.838820e-01 3.838384e-01 1.409496e-01 1.432507e-01 1.960784e-02 1.954545e-01 8.323442e-01 8.298507e-01 8.162651e-01 8.373494e-01 7.964072e-01 1.692677e-01 3.393665e-01 7.646177e-02 2.087500e-01 8.295626e-02 3.038906e-01 1.322645e-01 7.228916e-02 1.320475e-01 5.186289e-01 3.469080e-02 1.576577e-01 8.498498e-01 1.960784e-02 4.338346e-01 3.614458e-02 1.820480e-01 7.931548e-01 3.966817e-01 8.423423e-01 2.466368e-01 8.348348e-01 8.418675e-01 8.071749e-01 7.170370e-01 4.210128e-01 7.119645e-01 4.229607e-01 3.333333e-01 8.318318e-01 7.914201e-01 6.661721e-01 8.313433e-01 8.330849e-01 2.192982e-01 1.924119e-01 4.230194e-01 7.762701e-02 8.315789e-01 1.736527e-01 1.527378e-01 9.861519e-02 9.803922e-02 1.407343e-01 4.869252e-01 1.460674e-01 8.343373e-01 8.373494e-01 6.734694e-01 8.266069e-01 8.011958e-01 7.966867e-01 1.424501e-01 8.320951e-01 8.308605e-01 7.951807e-01 1.418338e-01 1.680672e-01 4.147813e-01 4.122542e-01 4.019757e-01 1.224784e-01 4.093656e-01 4.145007e-01 7.881481e-01 2.865762e-02 3.859155e-01 2.147025e-01 4.217228e-01 8.012048e-01 7.964072e-01 1.293952e-01 9.843684e-02 8.179104e-01 3.095371e-01 4.414414e-01 3.425580e-01 4.190405e-01 3.369330e-01
4.414587e-02 1.784232e-01 1.000000e+00 1.723027e-01 1.016949e-01 1.563422e-01 9.604520e-02 1.245211e-01 1.220826e-01 1.504587e-01 1.266795e-01 2.879079e-02 1.809370e-01 1.117424e-01 7.984791e-02 1.016949e-01 1.613475e-01 9.701493e-02 7.682458e-02 9.788868e-02 1.264881e-01 1.563422e-01 5.363985e-02 1.495601e-01 8.445298e-02 9.604520e-02 1.622951e-01 8.637236e-02 2.111324e-02 2.533589e-01 1.208955e-01 1.810700e-01 4.798464e-02 5.363985e-02 1.447747e-01 1.330935e-01 1.653226e-01 1.048689e-01 1.148148e-01 1.399663e-01 1.791045e-01 1.657658e-01 1.613475e-01 9.640832e-02 1.779359e-01 1.005693e-01 9.829868e-02 1.064639e-01 1.639610e-01 5.363985e-02 1.578231e-01 1.883657e-01 1.705321e-01 1.646091e-01 1.826087e-01 1.894150e-01 1.295181e-01 1.048689e-01 1.104433e-01 1.791531e-01 7.676056e-02 1.500000e-01 1.149425e-01 1.117424e-01 1.672355e-01 1.384365e-01 1.016949e-01 9.596929e-03 1.705640e-01 4.030710e-02 1.213235e-01 1.697613e-01 1.663921e-01 3.646833e-02 4.030710e-02 1.376307e-01 4.222649e-02 4.222649e-02 5.172414e-02 4.990403e-02 1.727447e-02 2.111324e-02 2.681992e-02 1.727447e-02 4.030710e-02 1.286765e-01 1.705321e-01 1.594684e-01 5.182342e-02 1.742112e-01 1.361059e-01 1.707650e-01 1.703601e-01 1.776224e-01 2.879079e-02 1.772853e-01 1.655451e-01 1.427061e-01 1.784232e-01 1.624161e-01 1.629503e-01 2.879079e-02 1.376307e-01 4.030710e-02 3.071017e-02 3.071017e-02 1.742809e-01 1.708126e-01 1.522124e-01 1.680815e-01 3.071017e-02 1.951641e-01 1.671159e-01 1.655629e-01 1.792717e-01 1.673360e-01 1.696065e-01 1.571429e-01 1.450382e-01 1.070746e-01 1.653787e-01 9.426987e-02 1.561743e-01 1.059783e-01 9.640832e-02 1.567164e-01 1.561997e-01 4.030710e-02 1.658354e-01 1.739726e-01 2.303263e-02 1.196455e-01 5.172414e-02 1.538462e-01 1.666667e-01 1.232472e-01 1.701534e-01 1.233397e-01 1.709634e-01 1.706294e-01 1.732394e-01 1.716216e-01 1.243446e-01 1.725543e-01 1.204188e-01 1.121951e-01 1.753425e-01 1.689189e-01 1.664336e-01 1.602564e-01 1.758242e-01 1.514544e-01 1.674277e-01 1.170768e-01 5.965463e-02 1.493099e-01 1.499331e-01 1.672355e-01 7.662997e-02 1.117424e-01 1.360609e-01 1.376554e-01 1.530782e-01 1.478697e-01 1.600000e-01 1.668985e-01 1.737931e-01 1.634615e-01 1.705321e-01 1.652021e-01 1.666667e-01 1.760660e-01 1.721311e-01 1.764706e-01 7.568058e-01 1.196709e-01 1.284541e-01 1.180867e-01 1.281588e-01 1.269488e-01 1.731044e-01 1.641791e-01 2.687140e-02 1.636661e-01 1.476252e-01 1.234106e-01 1.712329e-01 1.747312e-01 1.384365e-01 7.682458e-02 1.808219e-01 1.016667e-01 1.723684e-01 1.260133e-01 1.172566e-01 1.577181e-01
6.638116e-02 3.756831e-01 1.723027e-01 1.000000e+00 1.043841e-01 1.732026e-01 1.006289e-01 1.239496e-01 1.311155e-01 1.504762e-01 9.224319e-02 3.211991e-02 1.672078e-01 1.094737e-01 9.361702e-02 1.043841e-01 1.800000e-01 1.244813e-01 7.823856e-02 7.872340e-02 2.064658e-01 1.732026e-01 4.710921e-02 1.806240e-01 9.473684e-02 1.006289e-01 1.851180e-01 9.401709e-02 2.783726e-02 8.050847e-02 1.041033e-01 3.744912e-01 4.710921e-02 4.710921e-02 1.077960e-01 1.502058e-01 4.382353e-01 1.016260e-01 1.565762e-01 1.653543e-01 4.158126e-01 1.608775e-01 1.800000e-01 9.554140e-02 1.474480e-01 1.199187e-01 9.766454e-02 1.094737e-01 1.660959e-01 4.710921e-02 4.454277e-01 3.866481e-01 3.946629e-01 4.383358e-01 1.960432e-01 2.772414e-01 2.389650e-01 1.016260e-01 1.069519e-01 1.771020e-01 1.125572e-01 3.561290e-01 1.308793e-01 1.094737e-01 1.685185e-01 1.721014e-01 1.043841e-01 8.565310e-03 3.493976e-01 3.426124e-02 1.277014e-01 4.424779e-01 1.627907e-01 3.854390e-02 5.696203e-02 5.531915e-01 3.211991e-02 4.710921e-02 4.710921e-02 4.925054e-02 1.927195e-02 2.141328e-02 3.640257e-02 3.640257e-02 4.068522e-02 4.527559e-01 3.768506e-01 2.025547e-01 6.638116e-02 3.696809e-01 1.643002e-01 3.819918e-01 3.804348e-01 4.421365e-01 3.211991e-02 3.811475e-01 4.401773e-01 3.337079e-01 3.778990e-01 3.814714e-01 1.887477e-01 3.854390e-02 5.531915e-01 4.710921e-02 3.426124e-02 3.211991e-02 2.090395e-01 5.176471e-01 1.406250e-01 1.703704e-01 2.569593e-02 1.602671e-01 3.853460e-01 3.723118e-01 3.508772e-01 3.823129e-01 3.490566e-01 1.622746e-01 4.882227e-01 1.132479e-01 1.624365e-01 1.044776e-01 3.967391e-01 1.045796e-01 9.554140e-02 1.583166e-01 1.836007e-01 4.496788e-02 1.404421e-01 3.766756e-01 2.997859e-02 2.318080e-01 4.710921e-02 1.699438e-01 3.499327e-01 2.167414e-01 3.699732e-01 1.428571e-01 3.768707e-01 3.768506e-01 3.554054e-01 3.794521e-01 2.343632e-01 3.699732e-01 2.319277e-01 2.294618e-01 3.823934e-01 3.493976e-01 3.562753e-01 3.733154e-01 3.780488e-01 1.344969e-01 1.571856e-01 2.306548e-01 6.496373e-02 3.835616e-01 1.588785e-01 1.685185e-01 7.760814e-02 1.094737e-01 1.223156e-01 2.630631e-01 1.669725e-01 3.802436e-01 3.819918e-01 3.517520e-01 3.801653e-01 3.453815e-01 3.583106e-01 1.647059e-01 3.751687e-01 3.788904e-01 3.499327e-01 1.503759e-01 1.708861e-01 2.311747e-01 2.157303e-01 2.188679e-01 1.273063e-01 2.184937e-01 3.707533e-01 3.462051e-01 3.640257e-02 5.097276e-01 1.551724e-01 2.397004e-01 3.477089e-01 3.487450e-01 1.721014e-01 7.823856e-02 3.738192e-01 1.684211e-01 4.149086e-01 2.160767e-01 2.264574e-01 3.356974e-01
1.052632e-01 8.270677e-02 1.016949e-01 1.043841e-01 1.000000e+00 9.677419e-02 9.939394e-01 1.857143e-01 1.569966e-01 1.311475e-01 1.594203e-01 7.878788e-02 3.313131e-01 1.881188e-01 1.584699e-01 1.000000e+00 1.036415e-01 1.614350e-01 3.216123e-02 1.868132e-01 5.219365e-02 9.677419e-02 7.878788e-02 9.297913e-02 1.546961e-01 9.939394e-01 1.146341e-01 1.340206e-01 6.060606e-02 1.491713e-01 5.422153e-02 6.917293e-02 7.272727e-02 6.024096e-02 6.621227e-02 1.297468e-01 9.131737e-02 1.674419e-01 1.606426e-01 1.198910e-01 9.516616e-02 1.194030e-01 1.036415e-01 3.262032e-01 1.059783e-01 1.610169e-01 3.262032e-01 8.802395e-01 8.750000e-02 7.878788e-02 8.095952e-02 9.036145e-02 7.207207e-02 7.541478e-02 9.649123e-02 6.441718e-02 5.175038e-02 1.674419e-01 5.401235e-02 1.160714e-01 2.288732e-02 7.735584e-02 1.491935e-01 1.881188e-01 1.309524e-01 1.197007e-01 9.939394e-01 2.424242e-02 8.295626e-02 9.696970e-02 1.106557e-01 8.982036e-02 1.211454e-01 8.484848e-02 9.090909e-02 1.189189e-01 6.666667e-02 7.878788e-02 7.272727e-02 7.272727e-02 4.242424e-02 3.636364e-02 5.454545e-02 6.666667e-02 7.272727e-02 1.400651e-01 8.208955e-02 1.155556e-01 1.345029e-01 7.302534e-02 1.516245e-01 7.589286e-02 8.421053e-02 8.295626e-02 6.547619e-02 7.993967e-02 7.993967e-02 7.045455e-02 7.552870e-02 8.656716e-02 1.069869e-01 7.878788e-02 1.216216e-01 8.620690e-02 7.272727e-02 7.878788e-02 1.032967e-01 1.020408e-01 1.130952e-01 1.081731e-01 9.090909e-02 1.111111e-01 7.738095e-02 7.164179e-02 8.675799e-02 9.063444e-02 7.669173e-02 8.755760e-02 1.365188e-01 1.891892e-01 1.047431e-01 1.727273e-01 6.473829e-02 4.775087e-02 3.262032e-01 1.384615e-01 9.148936e-02 8.433735e-02 7.513661e-02 7.335329e-02 6.666667e-02 4.511278e-02 7.272727e-02 9.220986e-02 8.283133e-02 5.219365e-02 8.157100e-02 1.330798e-01 7.507508e-02 8.636364e-02 7.496252e-02 8.885542e-02 5.068079e-02 8.832335e-02 5.060423e-02 4.819277e-02 7.368421e-02 8.023774e-02 8.446456e-02 7.969925e-02 7.910448e-02 6.781485e-02 9.281961e-02 4.559043e-02 2.465234e-02 8.132530e-02 7.692308e-02 1.309524e-01 3.105062e-02 1.881188e-01 6.581532e-02 5.776173e-02 1.309524e-01 8.333333e-02 7.164179e-02 8.308605e-02 8.358209e-02 8.157100e-02 7.587253e-02 1.093750e-01 7.875186e-02 8.408408e-02 7.727273e-02 1.316527e-01 8.971963e-02 4.754717e-02 5.748865e-02 5.190840e-02 1.643357e-01 4.984894e-02 8.828250e-02 7.898659e-02 6.666667e-02 1.015119e-01 8.345324e-02 4.951238e-02 9.256449e-02 7.875186e-02 1.197007e-01 3.216123e-02 8.208955e-02 4.127161e-02 8.419498e-02 4.883546e-02 5.014970e-02 7.384988e-02
4.545455e-02 1.700405e-01 1.563422e-01 1.732026e-01 9.677419e-02 1.000000e+00 9.677419e-02 1.056466e-01 2.317757e-01 6.736243e-01 1.001890e-01 3.415560e-02 1.697248e-01 1.073446e-01 6.805293e-02 9.677419e-02 1.346154e-01 1.252336e-01 8.003406e-02 9.487666e-02 1.151560e-01 1.000000e+00 3.795066e-02 9.886148e-01 8.440367e-02 9.677419e-02 2.381786e-01 8.614232e-02 2.466793e-02 7.735849e-02 1.040724e-01 1.518987e-01 3.984820e-02 3.984820e-02 1.259328e-01 1.408200e-01 1.642384e-01 9.210526e-02 1.396226e-01 1.482036e-01 1.702128e-01 1.308725e-01 1.346154e-01 1.070111e-01 1.468048e-01 1.154562e-01 1.072089e-01 9.487666e-02 1.646154e-01 3.795066e-02 1.593625e-01 1.559278e-01 1.664447e-01 1.785714e-01 1.506410e-01 1.542700e-01 1.226766e-01 9.210526e-02 1.199400e-01 1.705426e-01 7.446435e-02 1.582200e-01 1.442125e-01 1.073446e-01 2.544484e-01 1.412873e-01 9.677419e-02 7.590133e-03 1.567358e-01 3.225806e-02 1.156716e-01 1.675532e-01 1.728000e-01 3.415560e-02 4.743833e-02 1.622575e-01 3.984820e-02 3.795066e-02 3.605313e-02 3.984820e-02 1.518027e-02 1.518027e-02 3.415560e-02 2.087287e-02 3.605313e-02 1.439114e-01 1.541401e-01 1.532125e-01 6.994329e-02 1.553273e-01 1.352834e-01 1.640212e-01 1.496164e-01 1.642190e-01 3.036053e-02 1.554994e-01 1.653333e-01 1.558727e-01 1.662125e-01 1.539440e-01 1.633987e-01 2.277040e-02 1.640212e-01 5.492424e-02 2.466793e-02 4.174573e-02 1.867769e-01 1.548600e-01 1.308901e-01 1.631944e-01 3.036053e-02 1.558029e-01 1.531646e-01 1.576923e-01 1.587097e-01 1.561290e-01 1.748705e-01 1.402597e-01 1.263158e-01 7.330827e-02 1.532847e-01 8.818011e-02 1.658163e-01 1.069519e-01 1.070111e-01 1.190053e-01 1.566069e-01 3.415560e-02 1.507841e-01 1.589744e-01 2.466793e-02 1.148397e-01 3.605313e-02 2.615607e-01 1.651729e-01 1.287935e-01 1.629139e-01 1.252236e-01 1.585518e-01 1.587708e-01 1.590909e-01 1.532663e-01 1.224795e-01 1.580311e-01 1.163311e-01 1.210415e-01 1.655716e-01 1.517067e-01 1.775223e-01 1.560468e-01 1.564103e-01 1.516966e-01 1.681287e-01 1.206140e-01 6.897638e-02 1.655802e-01 1.649746e-01 2.544484e-01 7.939189e-02 1.073446e-01 1.244635e-01 1.447485e-01 2.508711e-01 1.525424e-01 1.531646e-01 1.655886e-01 1.566879e-01 1.603154e-01 1.688830e-01 2.310406e-01 1.569149e-01 1.505646e-01 1.657825e-01 1.503497e-01 1.418234e-01 1.212798e-01 1.250000e-01 1.234848e-01 1.128472e-01 1.247183e-01 1.659634e-01 1.695364e-01 2.656546e-02 1.661392e-01 1.642576e-01 1.245339e-01 1.653747e-01 1.742523e-01 1.412873e-01 8.003406e-02 1.500000e-01 1.017137e-01 1.708945e-01 1.221318e-01 1.173913e-01 1.522727e-01
1.111111e-01 8.270677e-02 9.604520e-02 1.006289e-01 9.939394e-01 9.677419e-02 1.000000e+00 1.720930e-01 1.501706e-01 1.284153e-01 1.592040e-01 7.878788e-02 3.333333e-01 1.930693e-01 1.584699e-01 9.939394e-01 1.036415e-01 1.614350e-01 3.216123e-02 1.731844e-01 5.151515e-02 9.677419e-02 7.878788e-02 9.297913e-02 1.546961e-01 1.000000e+00 1.151961e-01 1.288660e-01 6.060606e-02 1.475410e-01 5.422153e-02 6.917293e-02 7.272727e-02 6.024096e-02 6.621227e-02 1.297468e-01 9.131737e-02 1.674419e-01 1.606426e-01 1.198910e-01 9.365559e-02 1.194030e-01 1.036415e-01 3.208556e-01 1.059783e-01 1.610169e-01 3.483146e-01 8.742515e-01 8.958333e-02 7.878788e-02 8.120301e-02 9.036145e-02 7.507508e-02 7.541478e-02 9.649123e-02 6.441718e-02 5.175038e-02 1.674419e-01 5.401235e-02 1.160714e-01 2.288732e-02 7.594937e-02 1.491935e-01 1.930693e-01 1.309524e-01 1.221945e-01 9.878788e-01 2.424242e-02 8.295626e-02 9.696970e-02 1.106557e-01 9.131737e-02 1.233480e-01 8.484848e-02 9.090909e-02 1.173333e-01 6.666667e-02 7.878788e-02 7.272727e-02 7.272727e-02 4.242424e-02 4.242424e-02 5.454545e-02 6.666667e-02 7.272727e-02 1.368078e-01 8.208955e-02 1.133333e-01 1.286550e-01 7.302534e-02 1.516245e-01 7.589286e-02 8.421053e-02 8.144796e-02 4.790419e-02 7.680723e-02 7.831325e-02 6.818182e-02 7.368421e-02 8.656716e-02 1.048035e-01 7.878788e-02 1.200000e-01 8.620690e-02 7.272727e-02 7.878788e-02 9.777778e-02 1.056180e-01 1.091445e-01 1.081731e-01 9.090909e-02 1.111111e-01 8.035714e-02 7.164179e-02 8.675799e-02 9.063444e-02 7.669173e-02 8.909370e-02 1.344828e-01 1.891892e-01 1.067194e-01 1.960784e-01 6.473829e-02 4.775087e-02 3.208556e-01 1.384615e-01 9.148936e-02 8.433735e-02 7.513661e-02 7.335329e-02 6.666667e-02 4.511278e-02 7.272727e-02 9.062003e-02 7.657658e-02 5.219365e-02 8.144796e-02 1.292776e-01 7.507508e-02 8.636364e-02 7.496252e-02 8.885542e-02 4.758308e-02 8.682635e-02 5.060423e-02 4.819277e-02 7.368421e-02 8.023774e-02 8.446456e-02 7.969925e-02 8.059701e-02 6.781485e-02 9.171076e-02 4.331591e-02 2.402023e-02 7.981928e-02 7.544379e-02 1.309524e-01 3.105062e-02 1.930693e-01 6.366308e-02 5.776173e-02 1.309524e-01 8.333333e-02 7.164179e-02 8.308605e-02 8.358209e-02 8.157100e-02 8.042489e-02 1.093750e-01 7.875186e-02 8.258258e-02 7.727273e-02 1.316527e-01 8.411215e-02 5.056604e-02 5.748865e-02 5.190840e-02 1.643357e-01 4.984894e-02 8.828250e-02 7.302534e-02 6.666667e-02 1.036717e-01 8.345324e-02 4.951238e-02 9.256449e-02 7.875186e-02 1.221945e-01 3.216123e-02 8.208955e-02 4.127161e-02 8.419498e-02 4.883546e-02 5.014970e-02 7.506053e-02
7.142857e-02 9.672619e-02 1.245211e-01 1.239496e-01 1.857143e-01 1.056466e-01 1.720930e-01 1.000000e+00 1.349693e-01 1.173333e-01 8.341969e-01 6.217617e-02 1.124498e-01 1.846847e-01 1.556604e-01 1.857143e-01 1.448087e-01 1.680328e-01 3.816467e-02 1.851852e-01 6.287879e-02 1.056466e-01 9.844560e-02 1.127273e-01 1.504425e-01 1.720930e-01 1.394231e-01 1.196581e-01 5.500000e-02 1.600000e-01 5.731991e-02 9.924812e-02 9.844560e-02 9.644670e-02 6.066536e-02 1.313433e-01 9.759760e-02 1.645570e-01 1.686747e-01 1.443570e-01 1.000000e-01 1.421320e-01 1.448087e-01 1.353712e-01 1.554960e-01 1.774194e-01 1.461187e-01 1.775701e-01 1.106472e-01 9.844560e-02 1.009036e-01 9.806835e-02 9.516616e-02 9.104478e-02 1.318681e-01 1.042945e-01 5.775076e-02 1.645570e-01 5.542725e-02 1.247166e-01 3.170130e-02 8.798883e-02 1.766917e-01 1.846847e-01 1.208054e-01 1.473430e-01 1.857143e-01 2.072539e-02 9.226190e-02 7.253886e-02 1.937984e-01 1.049475e-01 1.263858e-01 6.217617e-02 7.253886e-02 1.284153e-01 6.217617e-02 9.844560e-02 9.844560e-02 1.088083e-01 2.590674e-02 5.699482e-02 6.185567e-02 6.735751e-02 7.772021e-02 1.558442e-01 9.159159e-02 1.346578e-01 1.127451e-01 8.823529e-02 1.701389e-01 9.239940e-02 9.417040e-02 1.001495e-01 4.145078e-02 9.375000e-02 1.001495e-01 7.832009e-02 9.388972e-02 9.643917e-02 1.322870e-01 5.699482e-02 1.397849e-01 1.076923e-01 5.699482e-02 6.735751e-02 1.247312e-01 1.059908e-01 1.344538e-01 1.336406e-01 4.145078e-02 1.091314e-01 9.292035e-02 9.883721e-02 9.803922e-02 9.538003e-02 9.792285e-02 9.076923e-02 1.553398e-01 1.735160e-01 1.203156e-01 1.392405e-01 9.779614e-02 4.975812e-02 1.353712e-01 1.562500e-01 1.135371e-01 7.772021e-02 8.265583e-02 8.888889e-02 4.145078e-02 5.709992e-02 9.844560e-02 1.170886e-01 1.014925e-01 5.900151e-02 9.388972e-02 1.494253e-01 9.226190e-02 9.417040e-02 9.509658e-02 9.145427e-02 6.127080e-02 9.417040e-02 5.891239e-02 5.173636e-02 9.347181e-02 1.019202e-01 9.609610e-02 9.940653e-02 9.882006e-02 8.102345e-02 1.092150e-01 6.053812e-02 3.128951e-02 9.402985e-02 8.944282e-02 1.208054e-01 3.785623e-02 1.846847e-01 6.176471e-02 6.672678e-02 1.208054e-01 9.417040e-02 9.566517e-02 1.022222e-01 9.587021e-02 9.090909e-02 9.445277e-02 1.538462e-01 9.406657e-02 9.538003e-02 9.595202e-02 1.460055e-01 1.257143e-01 6.264151e-02 5.980318e-02 6.564885e-02 1.335616e-01 6.127080e-02 1.070288e-01 9.882006e-02 4.663212e-02 1.172708e-01 8.201439e-02 6.526632e-02 9.609610e-02 1.026786e-01 1.473430e-01 3.816467e-02 9.425626e-02 5.242610e-02 9.792285e-02 5.643341e-02 5.997001e-02 9.003601e-02
8.695652e-02 1.230101e-01 1.220826e-01 1.311155e-01 1.569966e-01 2.317757e-01 1.501706e-01 1.349693e-01 1.000000e+00 3.360882e-01 1.571906e-01 5.797101e-02 1.401152e-01 1.631944e-01 1.195652e-01 1.569966e-01 1.788618e-01 1.590214e-01 5.317324e-02 1.413428e-01 8.106061e-02 2.317757e-01 6.521739e-02 2.280374e-01 1.060071e-01 1.501706e-01 2.095238e-01 1.293706e-01 4.347826e-02 1.489362e-01 7.413127e-02 1.231672e-01 6.521739e-02 7.971014e-02 9.029779e-02 1.830239e-01 1.213018e-01 1.627119e-01 1.671924e-01 2.257282e-01 1.309524e-01 1.617312e-01 1.788618e-01 1.474359e-01 1.118721e-01 1.575563e-01 1.386139e-01 1.631206e-01 1.591356e-01 6.521739e-02 1.388060e-01 1.336270e-01 1.341108e-01 1.158358e-01 1.443299e-01 1.270073e-01 7.803030e-02 1.627119e-01 7.395994e-02 1.498929e-01 4.790419e-02 1.145251e-01 1.645570e-01 1.631944e-01 1.950113e-01 1.608696e-01 1.569966e-01 1.449275e-02 1.237410e-01 6.521739e-02 1.831832e-01 1.231672e-01 1.659483e-01 5.797101e-02 8.633094e-02 1.590361e-01 5.072464e-02 6.884058e-02 6.521739e-02 6.521739e-02 1.811594e-02 3.260870e-02 5.072464e-02 4.347826e-02 5.072464e-02 1.712707e-01 1.311953e-01 1.578947e-01 8.664260e-02 1.283880e-01 1.633803e-01 1.231884e-01 1.276901e-01 1.288889e-01 3.985507e-02 1.217391e-01 1.305638e-01 9.465479e-02 1.297376e-01 1.264535e-01 1.486200e-01 5.338078e-02 1.590361e-01 7.829181e-02 5.434783e-02 5.035971e-02 1.373391e-01 1.662870e-01 1.550000e-01 1.498881e-01 5.434783e-02 1.551724e-01 1.235795e-01 1.290780e-01 1.260870e-01 1.244573e-01 1.212553e-01 1.231884e-01 1.876833e-01 1.625442e-01 1.348748e-01 1.319444e-01 1.195055e-01 7.702889e-02 1.474359e-01 1.527778e-01 1.865828e-01 6.159420e-02 1.025974e-01 1.239193e-01 4.710145e-02 8.470765e-02 6.521739e-02 1.486068e-01 1.196455e-01 7.622642e-02 1.318841e-01 1.572327e-01 1.270073e-01 1.293605e-01 1.224784e-01 1.362319e-01 7.180650e-02 1.368268e-01 8.352144e-02 7.430998e-02 1.345876e-01 1.246418e-01 1.305595e-01 1.373391e-01 1.230329e-01 1.028939e-01 1.156463e-01 8.221226e-02 3.855879e-02 1.347826e-01 1.242775e-01 1.950113e-01 5.189281e-02 1.631944e-01 8.854668e-02 8.672566e-02 1.905830e-01 1.279070e-01 1.366279e-01 1.311239e-01 1.318841e-01 1.191860e-01 1.286127e-01 2.346939e-01 1.226819e-01 1.271676e-01 1.273792e-01 1.157407e-01 1.181818e-01 8.095952e-02 8.564989e-02 8.257576e-02 1.749271e-01 7.936508e-02 1.326053e-01 1.244696e-01 6.521739e-02 1.498054e-01 1.335227e-01 7.526080e-02 1.294118e-01 1.244635e-01 1.608696e-01 5.317324e-02 1.284271e-01 6.792873e-02 1.138329e-01 7.772795e-02 7.841673e-02 1.192771e-01
7.865169e-02 1.439060e-01 1.504587e-01 1.504762e-01 1.311475e-01 6.736243e-01 1.284153e-01 1.173333e-01 3.360882e-01 1.000000e+00 1.178082e-01 5.070423e-02 1.581722e-01 1.424658e-01 9.809264e-02 1.311475e-01 1.507761e-01 1.413333e-01 6.118956e-02 1.098592e-01 1.000000e-01 6.736243e-01 5.070423e-02 6.660342e-01 1.206434e-01 1.284153e-01 2.422222e-01 1.080332e-01 3.098592e-02 1.117318e-01 8.136882e-02 1.489971e-01 5.352113e-02 7.887324e-02 1.108949e-01 1.561772e-01 1.386861e-01 1.305556e-01 1.548556e-01 1.955645e-01 1.453744e-01 1.530172e-01 1.507761e-01 1.409922e-01 1.491228e-01 1.515957e-01 1.413613e-01 1.285347e-01 1.578947e-01 5.070423e-02 1.280932e-01 1.325648e-01 1.420290e-01 1.504298e-01 1.632231e-01 1.311475e-01 1.035525e-01 1.305556e-01 9.793420e-02 1.685824e-01 5.492958e-02 1.342105e-01 1.698113e-01 1.424658e-01 2.500000e-01 1.474104e-01 1.311475e-01 1.408451e-02 1.457143e-01 4.775281e-02 1.307692e-01 1.496403e-01 1.486762e-01 4.788732e-02 6.197183e-02 1.685144e-01 4.788732e-02 5.070423e-02 4.788732e-02 5.352113e-02 1.971831e-02 2.253521e-02 5.070423e-02 3.098592e-02 5.352113e-02 1.640625e-01 1.455064e-01 1.680498e-01 9.523810e-02 1.430615e-01 1.658416e-01 1.535088e-01 1.383285e-01 1.411765e-01 3.661972e-02 1.466855e-01 1.317716e-01 1.151717e-01 1.494083e-01 1.485294e-01 1.409002e-01 2.816901e-02 1.688889e-01 5.633803e-02 4.788732e-02 6.197183e-02 1.699605e-01 1.521298e-01 1.444201e-01 1.729490e-01 4.507042e-02 1.620553e-01 1.370629e-01 1.516035e-01 1.491228e-01 1.394026e-01 1.467626e-01 1.251778e-01 1.632653e-01 1.174863e-01 1.601423e-01 1.246537e-01 1.415094e-01 9.115833e-02 1.409922e-01 1.567164e-01 1.464844e-01 4.788732e-02 1.303226e-01 1.355932e-01 3.661972e-02 9.363296e-02 4.788732e-02 2.094801e-01 1.505065e-01 1.015038e-01 1.477762e-01 1.679587e-01 1.438646e-01 1.414141e-01 1.508053e-01 1.428571e-01 1.012850e-01 1.640288e-01 1.037594e-01 9.661495e-02 1.416309e-01 1.418440e-01 1.552707e-01 1.498559e-01 1.452514e-01 1.291355e-01 1.403785e-01 1.014169e-01 5.236593e-02 1.508053e-01 1.352113e-01 2.500000e-01 6.069610e-02 1.424658e-01 1.110066e-01 1.083259e-01 2.478261e-01 1.391679e-01 1.455882e-01 1.518248e-01 1.499272e-01 1.353276e-01 1.528384e-01 2.586605e-01 1.452991e-01 1.440799e-01 1.482558e-01 1.470588e-01 1.456483e-01 9.248120e-02 1.012085e-01 9.726444e-02 1.376812e-01 9.728507e-02 1.551724e-01 1.463415e-01 4.507042e-02 1.666667e-01 1.409214e-01 9.505988e-02 1.516035e-01 1.467626e-01 1.474104e-01 6.118956e-02 1.434659e-01 7.529281e-02 1.308677e-01 9.417040e-02 9.267564e-02 1.337868e-01
9.944751e-02 8.520179e-02 1.266795e-01 9.224319e-02 1.594203e-01 1.001890e-01 1.592040e-01 8.341969e-01 1.571906e-01 1.178082e-01 1.000000e+00 7.228916e-02 1.044177e-01 1.924883e-01 1.833333e-01 1.594203e-01 1.218837e-01 1.313559e-01 3.602058e-02 1.513761e-01 5.757576e-02 1.001890e-01 1.017964e-01 1.138060e-01 1.813472e-01 1.592040e-01 1.277108e-01 1.318182e-01 6.358382e-02 1.694915e-01 5.344694e-02 8.708709e-02 8.875740e-02 1.077844e-01 5.288932e-02 1.316614e-01 9.609610e-02 1.759657e-01 1.541667e-01 1.200000e-01 9.365559e-02 1.167513e-01 1.218837e-01 1.477833e-01 1.356383e-01 1.659751e-01 1.565657e-01 1.641791e-01 1.038697e-01 1.017964e-01 8.995502e-02 9.295352e-02 9.531014e-02 8.295626e-02 1.281465e-01 8.128834e-02 4.942966e-02 1.759657e-01 4.699538e-02 1.101124e-01 2.782670e-02 7.887324e-02 1.375465e-01 1.924883e-01 1.156463e-01 1.265509e-01 1.739130e-01 1.807229e-02 8.805970e-02 7.228916e-02 1.553030e-01 9.880240e-02 1.202673e-01 7.228916e-02 9.036145e-02 1.260274e-01 7.831325e-02 1.017964e-01 1.017964e-01 1.204819e-01 2.409639e-02 4.819277e-02 7.185629e-02 8.433735e-02 9.036145e-02 1.535836e-01 9.214502e-02 1.200873e-01 1.186441e-01 8.792846e-02 1.726619e-01 9.595202e-02 9.417040e-02 9.351433e-02 7.228916e-02 9.009009e-02 9.022556e-02 6.426156e-02 9.022556e-02 9.226190e-02 1.330275e-01 6.626506e-02 1.260274e-01 1.028571e-01 6.626506e-02 7.831325e-02 1.115974e-01 9.953704e-02 1.250000e-01 1.342926e-01 6.586826e-02 1.314031e-01 9.615385e-02 9.212481e-02 9.969789e-02 8.258258e-02 9.538003e-02 7.739938e-02 1.503497e-01 1.755319e-01 9.961686e-02 1.320755e-01 8.815427e-02 4.906704e-02 1.477833e-01 1.451104e-01 1.409396e-01 1.024096e-01 7.336957e-02 8.902077e-02 3.614458e-02 5.033809e-02 1.017964e-01 9.606299e-02 9.836066e-02 5.370651e-02 9.865471e-02 1.653846e-01 8.902077e-02 9.473684e-02 9.715994e-02 8.433735e-02 4.909366e-02 8.095952e-02 5.664653e-02 4.957507e-02 8.532934e-02 1.076696e-01 9.745127e-02 8.643815e-02 9.319527e-02 7.219828e-02 1.022530e-01 5.526512e-02 2.623262e-02 9.580838e-02 7.692308e-02 1.156463e-01 3.530413e-02 1.924883e-01 5.566406e-02 6.126126e-02 1.267281e-01 8.446456e-02 8.597285e-02 9.777778e-02 9.200603e-02 8.610272e-02 9.909910e-02 1.563342e-01 9.852941e-02 8.444444e-02 9.759760e-02 1.397260e-01 1.049618e-01 5.886792e-02 5.597579e-02 5.631659e-02 1.155116e-01 5.589124e-02 9.062003e-02 1.047198e-01 6.024096e-02 1.072210e-01 7.194245e-02 5.547226e-02 1.052632e-01 9.595202e-02 1.265509e-01 3.602058e-02 9.063893e-02 4.294479e-02 9.333333e-02 5.267118e-02 5.692884e-02 8.462455e-02
1.250000e-01 2.865762e-02 2.879079e-02 3.211991e-02 7.878788e-02 3.415560e-02 7.878788e-02 6.217617e-02 5.797101e-02 5.070423e-02 7.228916e-02 1.000000e+00 3.232323e-02 6.857143e-02 1.023622e-01 7.878788e-02 4.597701e-02 6.372549e-02 8.576329e-03 7.189542e-02 1.136364e-02 3.415560e-02 8.955224e-02 3.415560e-02 8.904110e-02 7.878788e-02 3.201970e-02 8.450704e-02 1.500000e-01 7.518797e-02 1.239349e-02 2.265861e-02 1.639344e-01 1.666667e-01 1.860921e-02 3.986711e-02 2.105263e-02 6.806283e-02 5.701754e-02 3.551913e-02 2.723147e-02 4.060914e-02 4.597701e-02 7.228916e-02 3.287671e-02 5.911330e-02 9.090909e-02 6.586826e-02 3.571429e-02 8.955224e-02 2.409639e-02 2.409639e-02 2.591463e-02 2.262443e-02 3.203661e-02 2.300613e-02 1.522070e-02 6.806283e-02 1.157407e-02 4.545455e-02 8.453681e-03 2.121641e-02 6.437768e-02 6.857143e-02 2.650602e-02 3.266332e-02 7.878788e-02 1.250000e-01 2.564103e-02 1.538462e-01 6.250000e-02 2.548726e-02 2.921348e-02 2.325581e-01 8.333333e-02 3.921569e-02 1.282051e-01 8.333333e-02 2.115385e-01 8.955224e-02 5.882353e-02 2.187500e-01 1.428571e-01 1.470588e-01 7.407407e-02 4.240283e-02 2.272727e-02 2.727273e-02 1.294118e-01 2.235469e-02 4.247104e-02 2.416918e-02 2.413273e-02 2.567976e-02 8.823529e-02 2.413273e-02 2.567976e-02 2.613636e-02 2.416918e-02 2.398801e-02 3.926097e-02 1.578947e-01 3.921569e-02 6.896552e-02 5.000000e-01 2.222222e-01 3.340757e-02 3.248260e-02 4.892966e-02 3.855422e-02 1.304348e-01 3.386005e-02 2.380952e-02 2.388060e-02 2.752294e-02 2.416918e-02 2.706767e-02 2.790698e-02 5.818182e-02 7.482993e-02 2.777778e-02 7.878788e-02 1.790634e-02 1.107266e-02 7.228916e-02 4.362416e-02 3.828829e-02 2.083333e-01 1.912568e-02 2.402402e-02 2.121212e-01 1.203008e-02 2.115385e-01 2.733119e-02 2.710843e-02 1.285930e-02 2.416918e-02 4.867257e-02 2.402402e-02 2.424242e-02 2.556391e-02 2.710843e-02 1.134644e-02 2.252252e-02 1.208459e-02 1.417434e-02 2.255639e-02 2.686567e-02 2.865762e-02 2.255639e-02 2.245509e-02 1.618123e-02 2.292769e-02 1.195815e-02 7.269279e-03 2.409639e-02 2.662722e-02 2.650602e-02 8.081667e-03 6.857143e-02 1.866405e-02 1.808318e-02 2.650602e-02 2.424242e-02 2.424242e-02 2.678571e-02 2.424242e-02 2.567976e-02 2.579666e-02 3.835616e-02 2.526003e-02 2.409639e-02 2.735562e-02 2.808989e-02 2.671756e-02 1.358491e-02 1.515152e-02 1.526718e-02 5.090909e-02 1.361573e-02 3.084416e-02 2.682563e-02 2.195122e-01 3.524229e-02 2.729885e-02 1.275319e-02 2.739726e-02 2.865762e-02 3.266332e-02 8.576329e-03 2.388060e-02 1.059677e-02 2.077151e-02 1.279157e-02 1.349325e-02 2.179177e-02
6.060606e-02 1.639566e-01 1.809370e-01 1.672078e-01 3.313131e-01 1.697248e-01 3.333333e-01 1.124498e-01 1.401152e-01 1.581722e-01 1.044177e-01 3.232323e-02 1.000000e+00 1.227723e-01 8.183633e-02 3.313131e-01 1.322160e-01 1.135458e-01 7.873342e-02 1.171717e-01 1.162444e-01 1.697248e-01 4.040404e-02 1.633588e-01 8.669355e-02 3.333333e-01 1.472081e-01 7.878788e-02 3.434343e-02 8.651911e-02 1.177370e-01 1.523179e-01 3.838384e-02 3.838384e-02 1.253534e-01 1.447876e-01 1.613333e-01 1.267606e-01 1.163708e-01 1.548043e-01 1.673582e-01 1.587591e-01 1.322160e-01 1.431452e-01 1.506352e-01 1.217565e-01 1.451613e-01 2.989899e-01 1.739865e-01 4.040404e-02 1.666667e-01 1.511628e-01 1.533243e-01 1.517150e-01 1.502591e-01 1.542700e-01 1.130112e-01 1.267606e-01 1.090083e-01 1.802426e-01 6.039326e-02 1.364764e-01 1.312127e-01 1.227723e-01 1.732852e-01 1.538462e-01 3.313131e-01 1.010101e-02 1.652893e-01 3.232323e-02 1.098266e-01 1.696306e-01 1.839709e-01 3.636364e-02 5.858586e-02 1.633394e-01 2.828283e-02 4.040404e-02 3.838384e-02 4.242424e-02 1.616162e-02 2.424242e-02 3.232323e-02 3.232323e-02 4.242424e-02 1.547389e-01 1.620879e-01 1.721170e-01 6.060606e-02 1.617251e-01 1.464355e-01 1.585845e-01 1.644205e-01 1.703601e-01 3.434343e-02 1.659864e-01 1.612466e-01 1.375948e-01 1.527224e-01 1.705321e-01 1.764706e-01 3.232323e-02 1.660517e-01 5.050505e-02 3.434343e-02 3.434343e-02 1.530612e-01 1.555556e-01 1.476636e-01 1.758437e-01 3.636364e-02 1.768953e-01 1.610738e-01 1.552878e-01 1.717033e-01 1.623465e-01 1.716216e-01 1.739745e-01 1.294559e-01 1.003937e-01 1.616482e-01 1.075697e-01 1.475827e-01 1.053352e-01 1.431452e-01 1.434185e-01 1.658031e-01 4.242424e-02 1.450189e-01 1.673525e-01 2.424242e-02 1.070648e-01 3.838384e-02 1.601671e-01 1.594005e-01 1.115242e-01 1.732070e-01 1.192843e-01 1.578947e-01 1.568895e-01 1.662162e-01 1.542625e-01 1.065089e-01 1.534392e-01 1.119239e-01 1.040503e-01 1.577540e-01 1.696065e-01 1.551247e-01 1.644205e-01 1.608579e-01 1.387407e-01 1.572327e-01 9.876543e-02 6.255924e-02 1.632653e-01 1.599462e-01 1.732852e-01 7.799915e-02 1.227723e-01 1.511068e-01 1.269702e-01 1.678700e-01 1.593039e-01 1.609823e-01 1.573333e-01 1.595174e-01 1.677852e-01 1.682893e-01 1.581818e-01 1.646586e-01 1.546961e-01 1.650619e-01 1.531365e-01 1.718494e-01 1.123429e-01 1.117691e-01 1.165553e-01 1.371769e-01 1.170839e-01 1.735294e-01 1.615074e-01 3.636364e-02 1.663866e-01 1.585052e-01 1.008772e-01 1.668947e-01 1.610644e-01 1.538462e-01 7.873342e-02 1.714286e-01 8.990623e-02 1.593625e-01 1.127487e-01 1.209440e-01 1.492537e-01
1.136364e-01 9.803922e-02 1.117424e-01 1.094737e-01 1.881188e-01 1.073446e-01 1.930693e-01 1.846847e-01 1.631944e-01 1.424658e-01 1.924883e-01 6.857143e-02 1.227723e-01 1.000000e+00 1.238095e-01 1.881188e-01 1.362398e-01 1.410788e-01 4.155955e-02 1.818182e-01 5.378788e-02 1.073446e-01 7.344633e-02 1.073446e-01 1.414634e-01 1.930693e-01 1.323529e-01 1.176471e-01 6.285714e-02 1.836735e-01 5.181748e-02 9.789157e-02 1.085714e-01 1.011236e-01 6.170421e-02 1.125000e-01 8.721805e-02 1.448598e-01 1.708333e-01 1.363636e-01 8.472012e-02 1.196172e-01 1.362398e-01 1.708543e-01 1.498638e-01 1.276596e-01 1.515152e-01 1.919192e-01 1.169102e-01 7.344633e-02 8.433735e-02 9.172932e-02 9.408194e-02 8.446456e-02 1.212815e-01 7.975460e-02 5.631659e-02 1.448598e-01 4.776579e-02 1.133787e-01 3.099683e-02 9.470752e-02 1.679389e-01 1.000000e+00 9.905660e-02 1.293532e-01 1.881188e-01 2.857143e-02 1.007519e-01 8.000000e-02 1.648746e-01 8.545727e-02 1.176471e-01 6.077348e-02 1.412429e-01 1.519337e-01 7.428571e-02 7.344633e-02 8.571429e-02 7.344633e-02 2.857143e-02 5.142857e-02 6.857143e-02 7.428571e-02 6.285714e-02 1.582492e-01 9.545455e-02 1.409091e-01 1.516854e-01 1.026786e-01 1.219512e-01 9.638554e-02 9.939759e-02 8.157100e-02 6.779661e-02 9.939759e-02 8.610272e-02 7.045455e-02 9.803922e-02 1.032934e-01 1.287356e-01 6.857143e-02 1.361111e-01 8.474576e-02 8.000000e-02 6.857143e-02 1.206140e-01 1.161731e-01 1.039755e-01 1.425178e-01 6.857143e-02 1.126126e-01 1.008902e-01 9.239940e-02 9.770992e-02 9.609610e-02 8.721805e-02 8.345979e-02 1.453901e-01 1.746032e-01 1.228070e-01 1.683673e-01 8.504801e-02 6.288874e-02 1.708543e-01 1.270903e-01 1.278027e-01 6.077348e-02 9.016393e-02 1.004498e-01 7.428571e-02 5.488722e-02 8.571429e-02 9.394904e-02 9.337349e-02 5.668934e-02 9.653092e-02 1.687764e-01 1.032934e-01 1.013616e-01 9.774436e-02 1.007519e-01 5.295008e-02 1.021021e-01 5.211480e-02 5.527994e-02 1.021021e-01 9.672619e-02 9.337349e-02 9.580838e-02 9.687034e-02 7.866379e-02 9.347443e-02 5.605381e-02 2.747947e-02 8.845577e-02 9.433962e-02 9.905660e-02 4.122397e-02 1.000000e+00 6.013579e-02 6.323397e-02 1.132075e-01 9.833585e-02 1.010558e-01 9.509658e-02 1.043873e-01 9.895052e-02 9.939759e-02 1.482480e-01 9.677419e-02 9.789157e-02 9.863429e-02 1.468144e-01 1.092279e-01 5.056604e-02 5.303030e-02 5.343511e-02 1.293706e-01 5.521936e-02 2.792208e-01 9.467456e-02 7.909605e-02 1.186813e-01 7.902299e-02 5.551388e-02 9.848485e-02 1.037594e-01 1.293532e-01 4.198800e-02 9.643917e-02 4.071389e-02 8.456973e-02 5.643341e-02 5.322339e-02 2.106538e-01
1.259843e-01 7.004471e-02 7.984791e-02 9.361702e-02 1.584699e-01 6.805293e-02 1.584699e-01 1.556604e-01 1.195652e-01 9.809264e-02 1.833333e-01 1.023622e-01 8.183633e-02 1.238095e-01 1.000000e+00 1.584699e-01 8.757062e-02 1.376147e-01 2.658662e-02 1.741573e-01 4.301887e-02 6.805293e-02 7.575758e-02 7.317073e-02 1.079545e-01 1.584699e-01 9.219858e-02 1.413043e-01 4.724409e-02 1.511628e-01 3.792570e-02 7.057057e-02 7.086614e-02 5.970149e-02 4.211557e-02 9.634551e-02 7.067669e-02 1.778846e-01 1.459227e-01 1.178082e-01 7.680723e-02 9.848485e-02 8.757062e-02 1.902174e-01 1.062670e-01 1.428571e-01 1.912568e-01 1.597938e-01 8.805031e-02 7.575758e-02 6.596702e-02 6.596702e-02 7.012195e-02 6.787330e-02 8.752735e-02 6.595092e-02 3.957382e-02 1.778846e-01 4.475309e-02 7.625272e-02 2.395210e-02 6.891702e-02 1.410788e-01 1.238095e-01 8.139535e-02 9.359606e-02 1.595745e-01 3.149606e-02 7.541478e-02 9.302326e-02 1.411765e-01 6.746627e-02 9.213483e-02 1.015625e-01 1.059603e-01 1.008174e-01 8.593750e-02 7.575758e-02 7.633588e-02 8.333333e-02 3.937008e-02 7.874016e-02 3.149606e-02 1.102362e-01 7.086614e-02 1.023891e-01 7.272727e-02 9.772727e-02 1.538462e-01 7.726597e-02 1.285714e-01 7.196402e-02 7.969925e-02 7.250755e-02 8.661417e-02 7.035928e-02 6.495468e-02 5.454545e-02 6.495468e-02 6.746627e-02 9.195402e-02 9.375000e-02 1.008174e-01 1.068702e-01 9.448819e-02 7.874016e-02 8.017817e-02 9.744780e-02 1.101190e-01 7.925408e-02 6.153846e-02 8.577878e-02 6.973294e-02 7.014925e-02 7.492355e-02 6.948640e-02 7.067669e-02 7.906977e-02 1.126761e-01 1.411043e-01 7.312253e-02 1.754386e-01 6.749311e-02 3.875433e-02 1.902174e-01 1.013072e-01 8.333333e-02 1.015625e-01 5.737705e-02 7.335329e-02 9.448819e-02 4.360902e-02 7.633588e-02 8.025682e-02 6.777108e-02 4.387292e-02 6.646526e-02 1.380753e-01 6.746627e-02 7.272727e-02 6.917293e-02 6.875934e-02 4.160363e-02 6.666667e-02 4.456193e-02 4.110560e-02 6.576981e-02 6.268657e-02 6.287425e-02 6.917293e-02 8.059701e-02 5.285868e-02 7.922535e-02 4.334828e-02 2.369668e-02 7.368421e-02 7.100592e-02 8.139535e-02 2.594641e-02 1.238095e-01 5.789990e-02 5.334539e-02 7.674419e-02 7.552870e-02 6.917293e-02 6.470588e-02 6.818182e-02 6.766917e-02 7.738998e-02 1.048387e-01 7.259259e-02 6.626506e-02 7.142857e-02 1.111111e-01 8.522727e-02 4.452830e-02 4.772727e-02 4.656489e-02 1.478873e-01 4.311649e-02 7.580645e-02 7.153502e-02 6.617647e-02 1.008772e-01 7.050360e-02 4.201050e-02 7.153729e-02 7.067669e-02 9.359606e-02 2.658662e-02 7.611940e-02 3.346347e-02 7.418398e-02 4.288939e-02 4.047976e-02 6.385542e-02
