2.000000 0.042169 0.044146 0.066381 1.105263 1.045455 1.111111 0.071429 1.086957 1.078652 0.099448 0.125000 1.060606 0.113636 0.125984 1.105263 1.063218 0.107843 1.017581 0.137255 0.028030 1.045455 0.225352 1.045455 1.098160 1.111111 1.085575 0.125874 0.063291 1.133803 0.027885 0.042296 0.238806 0.239437 1.029383 1.073090 0.046617 0.130208 1.106667 1.387266 1.052950 0.063452 1.063218 0.126506 0.074380 0.083744 1.133333 1.093923 0.042017 0.225352 0.049699 1.043675 0.042683 0.045249 1.057208 1.049080 1.024353 0.130208 0.027778 1.062084 1.013737 0.042433 0.097046 0.113636 1.449906 1.067839 1.105263 0.030769 0.040724 0.144737 0.099174 0.046338 0.062640 0.113924 0.166667 0.081232 0.138461 0.160000 0.225352 0.223881 0.061538 1.076923 0.123077 0.100000 0.121212 0.081272 0.037879 0.052273 0.152174 0.044643 1.088123 0.042296 0.039216 0.046828 0.102564 0.043609 0.043675 0.035227 0.037764 0.044843 0.066975 0.060976 0.081232 0.108434 0.152778 0.191781 0.050998 0.060325 1.068862 1.069880 0.060241 0.067568 0.037202 0.040299 0.047256 0.042296 0.043609 0.041860 0.087273 0.082803 1.055446 0.125749 1.037190 1.597322 1.126506 1.086957 1.058296 0.095238 1.040984 0.044910 0.107692 0.028550 0.225352 1.046624 0.043091 0.028744 0.046828 0.097345 0.044910 0.046970 0.041979 0.037651 0.025719 0.036036 0.025680 0.030475 0.045113 0.041667 0.045045 0.046617 0.037425 0.032328 1.052910 0.026906 1.010746 0.043675 1.044379 1.449906 1.016163 0.113636 1.029470 1.031646 1.071942 0.048485 0.040909 0.041667 0.037879 0.045181 0.042489 1.086957 0.035661 0.039039 0.042424 1.073034 0.045802 0.027170 0.027273 0.027481 0.103943 0.025719 0.048701 0.047690 0.115942 0.061674 0.043042 1.025506 0.040971 0.040724 1.067839 1.017581 0.037313 0.020078 0.051929 0.027820 0.025487 0.037530
0.042169 2.000000 0.178423 0.964939 0.082707 0.170041 0.082707 1.096726 0.123010 0.143906 1.085202 0.028658 0.163957 0.098039 0.070045 0.082707 1.138177 0.109955 0.098437 0.073244 1.824763 0.170041 0.036145 0.167341 0.080960 0.082707 0.157515 0.075415 0.022624 0.073906 0.133083 1.832586 0.037651 0.036145 0.152021 1.127055 1.445454 0.087087 1.405862 0.141414 1.932824 0.133427 1.138177 0.072289 0.151111 0.108955 0.073795 0.072072 0.153439 0.036145 1.441913 1.836336 1.815038 1.559930 2.357250 1.633782 1.416478 0.087087 0.140855 0.173851 1.737410 0.805233 1.190476 0.098039 0.152738 1.129395 0.082707 0.012066 2.141296 0.027149 1.868061 2.151048 1.192525 0.034691 0.031674 0.384501 0.031674 0.036145 0.036145 0.034691 0.015083 1.015083 0.019608 0.024133 0.033182 0.372549 1.829819 1.500752 0.055556 1.849478 1.157270 1.855422 1.852632 1.447219 0.024024 1.841867 1.444318 0.266667 1.839339 1.842027 1.492492 0.021116 0.385991 0.034691 0.024133 0.028658 1.183882 0.383838 1.140950 1.143251 0.019608 1.195455 1.832344 1.829851 1.816265 1.837349 1.796407 0.169268 1.339367 0.076462 1.208750 0.082956 2.303891 0.132265 0.072289 1.132048 2.518629 0.034691 0.157658 1.849850 0.019608 1.787388 0.036145 0.182048 1.793155 1.396682 1.842342 1.246637 1.834835 2.419218 1.807175 1.717037 1.421013 1.711965 1.422961 1.333333 2.081832 1.791420 1.666172 1.831343 1.833085 0.219298 1.192412 1.423019 0.077627 1.831579 0.173653 0.152738 0.098615 0.098039 0.140734 1.486925 0.146067 1.834337 1.837349 1.673469 1.826607 1.801196 1.796687 0.142450 1.832095 1.830861 1.795181 1.141834 0.168067 1.414781 1.412254 0.401976 0.122478 1.409366 1.414501 1.788148 0.028658 0.385916 0.214702 1.421723 1.801205 0.796407 1.129395 0.098437 0.817910 1.309537 0.441441 0.342558 0.419040 0.336933
0.044146 0.178423 2.000000 0.172303 0.101695 0.156342 0.096045 1.124521 0.122083 0.150459 1.126680 0.028791 0.180937 0.111742 0.079848 0.101695 1.161347 0.097015 0.076825 0.097889 0.126488 0.156342 0.053640 0.149560 0.084453 0.096045 0.162295 0.086372 0.021113 1.253359 0.120896 0.181070 0.047985 0.053640 0.144775 1.133093 0.165323 0.104869 0.114815 0.139966 0.179104 0.165766 1.161347 0.096408 0.177936 0.100569 0.098299 0.106464 0.163961 0.053640 0.157823 0.188366 0.987029 0.164609 1.182609 0.189415 0.129518 0.104869 0.110443 0.179153 0.076761 0.150000 0.114943 0.111742 0.167236 1.138437 0.101695 0.009597 0.170564 0.040307 0.121324 0.169761 0.166392 0.036468 0.040307 0.137631 0.042226 0.042226 0.051724 0.049904 0.017274 1.021113 0.026820 0.017274 0.040307 0.128676 0.170532 0.159468 0.051823 0.174211 0.136106 0.170765 0.170360 0.177622 0.028791 0.177285 0.165545 0.142706 0.178423 0.162416 0.162950 0.028791 0.137631 0.040307 0.030710 0.030710 0.174281 0.170813 1.152212 1.168081 0.030710 0.195164 0.167116 0.165563 0.179272 0.167336 0.169606 0.157143 0.145038 0.107075 0.165379 0.094270 1.156174 0.105978 0.096408 1.156716 1.156200 0.040307 0.165835 0.173973 0.023033 0.119646 0.051724 0.153846 0.166667 0.123247 0.170153 0.123340 0.170963 0.170629 0.173239 0.171622 0.124345 0.172554 0.120419 0.112195 0.175343 0.168919 0.166434 0.160256 0.175824 0.151454 1.167428 0.117077 0.059655 0.149310 0.149933 0.167236 0.076630 0.111742 0.136061 0.137655 0.153078 0.147870 0.160000 0.166899 0.173793 0.163462 0.170532 0.165202 0.166667 0.176066 0.172131 1.176471 0.756806 0.119671 0.128454 0.118087 0.128159 0.126949 0.173104 0.164179 0.026871 0.163666 0.147625 0.123411 0.171233 0.174731 1.138437 0.076825 0.180822 0.101667 0.172368 0.126013 0.117257 0.157718
0.066381 0.964939 0.172303 2.000000 1.104384 0.173203 1.100629 0.123950 0.131115 0.150476 0.092243 0.032120 1.167208 0.109474 0.093617 1.104384 1.180000 0.124481 0.078239 1.078723 0.809489 0.173203 0.047109 0.180624 1.094737 1.100629 0.185118 0.094017 0.027837 1.080508 0.104103 0.374491 0.047109 0.047109 0.107796 1.150206 1.771568 0.101626 0.454718 0.165354 1.915813 0.160878 2.180000 0.095541 0.147448 0.119919 1.097665 1.109474 0.166096 0.047109 1.445428 1.386648 1.394663 1.587407 1.196043 1.277241 1.474667 0.101626 0.106952 0.177102 1.868486 1.741029 1.130879 0.109474 0.168518 1.172101 1.104384 0.008565 1.682731 0.034261 0.683257 1.109145 0.162791 0.038544 0.056962 1.553192 1.032120 0.047109 0.047109 0.049251 0.019272 1.021413 0.036403 0.036403 1.040685 0.452756 0.376851 0.202555 0.066381 0.369681 0.164300 1.381992 0.380435 1.442136 0.032120 0.381147 0.440177 1.333708 0.377899 1.381471 1.188748 0.038544 1.553192 0.047109 0.034261 0.032120 1.209040 0.517647 1.140625 1.170370 0.025696 1.493600 1.385346 1.372312 0.350877 1.382313 0.349057 0.162275 0.488223 0.113248 1.162437 0.104478 1.396739 0.104580 1.095541 1.158317 1.183601 0.044968 0.140442 0.376676 0.029979 0.231808 0.047109 0.169944 1.349933 1.216741 0.369973 0.142857 0.376871 2.057265 0.355405 1.379452 1.234363 0.369973 1.231928 1.229462 0.618095 0.349398 0.356275 0.373315 0.378049 0.134497 1.157186 1.230655 0.064964 0.383562 0.158879 0.168518 0.077608 0.109474 0.122316 0.263063 0.166972 0.380244 0.381992 0.351752 0.380165 0.345382 0.358311 0.164706 0.375169 0.378890 0.349933 1.150376 0.170886 1.231175 0.215730 0.218868 0.127306 1.218494 0.370753 0.346205 0.036403 1.509728 0.155172 1.239700 0.347709 0.348745 1.172101 0.078239 0.373819 0.168421 0.414909 0.216077 0.226457 0.335697
1.105263 0.082707 0.101695 1.104384 2.000000 1.096774 2.993939 1.185714 1.156997 1.131147 1.159420 0.078788 2.331313 1.188119 0.158470 3.000000 1.103641 0.161435 0.032161 1.186813 0.052194 1.096774 0.078788 1.092979 1.154696 2.993939 0.114634 1.134021 0.060606 1.149171 0.054222 0.069173 0.072727 0.060241 0.066212 1.129747 1.091317 0.167442 1.160643 1.119891 1.095166 0.119403 2.103642 1.326203 1.105978 0.161017 2.326203 2.880240 0.087500 0.078788 1.080960 1.090361 1.072072 1.075415 1.096491 1.064417 1.051750 1.167442 0.054012 1.116071 1.022887 1.077356 1.149193 0.188119 0.130952 1.119701 2.993939 0.024242 1.082956 0.096970 0.110656 1.089820 0.121145 0.084848 0.090909 1.118919 1.066667 0.078788 0.072727 0.072727 0.042424 1.036364 0.054545 0.066667 1.072727 0.140065 0.082090 0.115556 0.134503 0.073025 1.151625 1.075893 0.084211 1.082956 0.065476 0.079940 1.079940 1.070455 0.075529 1.086567 1.106987 0.078788 1.121622 0.086207 0.072727 0.078788 1.103297 0.102041 1.113095 1.108173 0.090909 1.111111 1.077381 1.071642 0.086758 1.090634 0.076692 0.087558 0.136519 0.189189 1.104743 0.172727 1.064738 0.047751 2.033310 2.138462 1.091489 0.084337 0.075137 0.073353 0.066667 0.045113 0.072727 0.092210 1.082831 1.052194 0.081571 0.133080 0.075075 1.086364 0.074963 1.088855 1.050681 0.088323 1.757711 1.048193 0.073684 0.080238 0.084465 0.079699 0.079104 0.067815 2.092820 1.045590 0.024652 0.081325 1.076923 0.130952 0.031051 1.188119 0.065815 0.057762 1.130952 0.083333 0.071642 0.083086 0.083582 0.081571 0.075873 0.109375 0.078752 0.084084 0.077273 2.131653 0.089720 1.047547 0.057489 0.051908 0.164336 1.049849 0.088282 0.078987 0.066667 1.101512 0.083453 1.049512 0.092564 0.078752 1.119701 1.032161 0.082090 0.041272 0.084195 0.048835 0.050150 0.073850
1.045455 0.170041 0.156342 0.173203 1.096774 2.000000 1.096774 0.105647 1.585329 2.539649 0.100189 0.034156 1.169725 0.107345 0.068053 1.096774 1.134615 0.125234 1.080034 0.094877 0.115156 2.866025 0.037951 2.440882 1.084404 1.096774 1.238179 0.086142 0.024668 1.077358 0.104072 0.151899 0.039848 0.039848 1.125933 1.140820 0.164238 0.092105 1.139623 1.306318 1.170213 1.130872 1.134615 0.107011 0.146805 0.115456 1.107209 1.094877 0.164615 0.037951 0.159362 1.155928 0.166445 0.178571 1.150641 1.154270 1.122677 0.092105 0.119940 1.524096 1.074464 0.158220 0.144212 0.107345 1.254448 1.141287 1.096774 0.007590 0.156736 0.032258 0.115672 0.167553 0.172800 0.034156 0.047438 0.162257 0.039848 0.037951 0.036053 0.039848 0.015180 1.015180 0.034156 0.020873 0.036053 0.143911 0.154140 0.153213 0.069943 0.155327 1.135283 0.164021 0.149616 0.164219 0.030361 0.155499 0.165333 0.155873 0.166213 0.153944 0.163399 0.022770 0.164021 1.304924 0.024668 0.041746 0.186777 0.154860 1.130890 1.163194 0.030361 0.155803 0.153165 0.157692 0.158710 0.156129 0.174871 0.140260 0.126316 0.073308 1.153285 0.088180 1.165816 1.106952 1.107011 1.119005 1.156607 0.034156 1.150784 0.158974 0.024668 0.114840 0.036053 1.511561 0.165173 0.128794 0.162914 0.125224 0.158552 0.158771 0.159091 0.153266 0.122480 0.158031 0.116331 0.121041 0.165572 0.151707 0.177522 0.156047 0.156410 0.151697 1.168129 0.120614 1.068976 0.165580 1.164975 1.254448 1.079392 0.107345 1.124464 1.144748 1.250871 0.152542 0.153165 0.165589 0.156688 0.160315 0.168883 1.231041 0.156915 0.150565 0.165782 1.150350 0.141823 0.121280 0.125000 0.123485 0.112847 0.124718 0.165963 0.169536 0.026565 0.166139 0.164258 1.124534 0.165375 0.174252 1.141287 1.080034 0.150000 0.101714 0.170895 0.122132 0.117391 0.152273
1.111111 0.082707 0.096045 1.100629 2.993939 1.096774 2.000000 0.172093 1.150171 1.128415 0.159204 0.078788 2.333333 0.193069 0.158470 2.993939 1.103641 0.161435 0.032161 1.173184 0.051515 1.096774 0.078788 1.092979 1.154696 3.000000 0.115196 1.128866 0.060606 1.147541 0.054222 0.069173 0.072727 0.060241 0.066212 1.129747 1.091317 0.167442 1.160643 1.119891 1.093656 0.119403 2.103642 1.320856 0.105978 0.161017 2.348315 2.874251 0.089583 0.078788 1.081203 1.090361 1.075075 1.075415 1.096491 1.064417 1.051750 0.167442 0.054012 1.116071 1.022887 1.075949 1.149193 0.193069 0.130952 1.122194 2.987879 0.024242 1.082956 0.096970 0.110656 0.091317 0.123348 0.084848 0.090909 1.117333 1.066667 0.078788 0.072727 0.072727 0.042424 1.042424 0.054545 0.066667 1.072727 0.136808 0.082090 0.113333 0.128655 0.073025 1.151625 1.075893 0.084211 1.081448 0.047904 0.076807 0.078313 1.068182 0.073684 1.086567 1.104804 0.078788 1.120000 0.086207 0.072727 0.078788 1.097778 0.105618 1.109144 1.108173 0.090909 1.111111 1.080357 1.071642 0.086758 1.090634 0.076692 0.089094 0.134483 0.189189 1.106719 0.196078 1.064738 0.047751 2.027963 1.138462 1.091489 0.084337 0.075137 0.073353 0.066667 0.045113 0.072727 0.090620 1.076577 1.052194 0.081448 0.129278 0.075075 1.086364 0.074963 1.088855 1.047583 0.086826 1.757711 1.048193 0.073684 0.080238 0.084465 0.079699 0.080597 0.067815 1.091711 1.043316 0.024020 0.079819 1.075444 0.130952 0.031051 1.193069 0.063663 0.057762 0.130952 0.083333 0.071642 0.083086 0.083582 0.081571 0.080425 0.109375 0.078752 0.082583 0.077273 1.131653 0.084112 1.050566 0.057489 0.051908 0.164336 1.049849 0.088282 0.073025 0.066667 1.103672 0.083453 1.049512 0.092564 0.078752 1.122194 0.032161 0.082090 0.041272 0.084195 0.048835 0.050150 0.075061
0.071429 1.096726 1.124521 0.123950 1.185714 0.105647 0.172093 2.000000 0.134969 0.117333 1.834197 0.062176 0.112450 0.184685 0.155660 0.185714 2.144809 0.168033 0.038165 0.185185 0.062879 0.105647 0.098446 0.112727 0.150443 1.172093 0.139423 0.119658 0.055000 1.160000 0.057320 0.099248 0.098446 0.096447 0.060665 1.131343 0.097598 0.164557 0.168675 0.144357 1.100000 0.142132 2.144809 0.135371 0.155496 0.177419 0.146119 0.177570 0.110647 0.098446 1.100904 1.098068 0.095166 0.091045 1.131868 0.104294 1.057751 0.164557 0.055427 0.124717 1.031701 0.087989 0.176692 0.184685 0.120805 1.147343 1.185714 0.020725 0.092262 0.072539 0.193798 1.104947 0.126386 0.062176 0.072539 0.128415 0.062176 0.098446 0.098446 0.108808 0.025907 1.056995 0.061856 0.067358 0.077720 0.155844 1.091592 0.134658 0.112745 1.088235 0.170139 0.092399 1.094170 0.100150 0.041451 1.093750 1.100150 0.078320 0.093890 0.096439 1.132287 0.056995 0.139785 0.107692 0.056995 0.067358 0.124731 0.105991 2.134454 1.133641 0.041451 0.109131 0.092920 0.098837 1.098039 1.095380 1.097923 0.090769 0.155340 0.173516 1.120316 0.139240 1.097796 0.049758 0.135371 1.156250 1.113537 0.077720 0.082656 1.088889 0.041451 1.057100 0.098446 0.117089 0.101492 0.059002 1.093890 0.149425 1.092262 0.094170 1.095097 0.091454 0.061271 1.094170 0.058912 0.051736 0.093472 0.101920 0.096096 1.099407 1.098820 1.081023 1.109215 0.060538 0.031290 0.094030 0.089443 0.120805 0.037856 0.184685 0.061765 0.066727 0.120805 0.094170 0.095665 0.102222 0.095870 0.090909 0.094453 0.153846 0.094067 0.095380 1.095952 1.146006 1.125714 0.062642 1.059803 0.065649 0.133562 0.061271 0.107029 0.098820 0.046632 0.117271 1.082014 1.065266 1.096096 1.102679 1.147343 0.038165 0.094256 0.052426 0.097923 0.056433 1.059970 0.090036
1.086957 0.123010 0.122083 0.131115 1.156997 1.585329 1.150171 0.134969 2.000000 1.744336 0.157191 0.057971 1.140115 0.163194 0.119565 1.156997 1.178862 0.159021 1.053173 0.141343 0.081061 1.640024 0.209555 1.654438 1.106007 1.150171 1.209524 0.129371 0.043478 1.148936 0.074131 0.123167 0.065217 0.079710 1.090298 1.183024 0.121302 0.162712 1.167192 1.449335 1.130952 1.161731 1.178862 0.147436 0.111872 0.157556 1.138614 1.163121 0.159136 0.065217 0.138806 1.133627 0.134111 0.115836 1.144330 1.127007 1.078030 0.162712 0.073960 1.399893 1.047904 0.114525 0.164557 0.163194 1.195011 1.160870 1.156997 0.014493 0.123741 0.065217 0.183183 0.123167 0.165948 0.057971 0.086331 0.159036 0.050725 0.068841 0.065217 0.065217 0.018116 1.032609 0.050725 0.043478 0.050725 0.171271 0.131195 0.157895 0.086643 0.128388 1.163380 0.123188 0.127690 0.128889 0.039855 0.121739 0.130564 0.094655 0.129738 0.126453 0.148620 0.053381 0.159036 1.255069 0.054348 0.050360 0.137339 0.166287 1.155000 1.149888 0.054348 0.155172 0.123579 0.129078 0.126087 0.124457 0.121255 0.123188 0.187683 0.162544 1.134875 0.131944 1.119506 1.077029 1.147436 1.152778 1.186583 0.061594 1.102597 0.123919 0.047101 0.084708 0.065217 1.148607 0.119646 0.076226 0.131884 0.157233 0.127007 0.129360 0.122478 0.136232 0.071806 0.136827 0.083521 0.074310 0.134588 0.124642 0.130559 0.137339 0.123033 0.102894 1.115646 0.082212 1.038559 0.134783 1.124278 1.195011 1.051893 0.163194 1.088547 1.086726 1.190583 0.127907 0.136628 0.131124 0.131884 0.119186 0.128613 1.234694 0.122682 0.127168 0.127379 1.115741 0.118182 0.080960 0.085650 0.082576 0.174927 0.079365 0.132605 0.124470 0.065217 0.149805 0.133523 1.075261 0.129412 0.124464 1.160870 1.053173 0.128427 0.067929 0.113833 0.077728 0.078417 0.119277
1.078652 0.143906 0.150459 0.150476 1.131147 2.539649 1.128415 0.117333 1.744336 2.000000 0.117808 0.050704 1.158172 0.142466 0.098093 1.131147 1.150776 0.141333 1.061190 0.109859 0.100000 2.673624 0.050704 2.188267 1.120643 1.128415 1.242222 0.108033 0.030986 1.111732 0.081369 0.148997 0.053521 0.078873 1.110895 1.156177 0.138686 0.130556 1.154856 1.378138 1.145374 1.153017 1.150776 0.140992 0.149123 0.151596 1.141361 1.128535 0.157895 0.050704 0.128093 1.132565 0.142029 0.150430 1.163223 1.131147 1.103552 0.130556 0.097934 1.576830 1.054930 0.134211 0.169811 0.142466 1.250000 1.147410 1.131147 0.014085 0.145714 0.047753 0.130769 0.149640 0.148676 0.047887 0.061972 0.168514 0.047887 0.050704 0.047887 0.053521 0.019718 1.022535 0.050704 0.030986 0.053521 0.164062 0.145506 0.168050 0.095238 0.143062 1.165842 0.153509 0.138328 0.141177 0.036620 0.146685 0.131772 0.115172 0.149408 0.148529 0.140900 0.028169 0.168889 1.345013 0.047887 0.061972 0.169960 0.152130 1.144420 1.172949 0.045070 0.162055 0.137063 0.151604 0.149123 0.139403 0.146763 0.125178 0.163265 0.117486 1.160142 0.124654 1.141509 1.091158 1.140992 1.156716 1.146484 0.047887 1.130323 0.135593 0.036620 0.093633 0.047887 1.498155 0.150506 0.101504 0.147776 0.167959 0.143865 0.141414 0.150805 0.142857 0.101285 0.164029 0.103759 0.096615 0.141631 0.141844 0.155271 0.149856 0.145251 0.129135 1.140378 0.101417 1.052366 0.150805 1.135211 1.250000 1.060696 0.142466 1.111007 1.108326 1.247826 0.139168 0.145588 0.151825 0.149927 0.135328 0.152838 1.258660 0.145299 0.144080 0.148256 1.147059 0.145648 0.092481 0.101209 0.097264 0.137681 0.097285 0.155172 0.146342 0.045070 0.166667 0.140921 1.095060 0.151604 0.146763 1.147410 1.061190 0.143466 0.075293 0.130868 0.094170 0.092676 0.133787
0.099448 1.085202 1.126680 0.092243 1.159420 0.100189 0.159204 1.834197 0.157191 0.117808 2.000000 0.072289 0.104418 0.192488 0.183333 0.159420 2.121884 0.131356 0.036021 0.151376 0.057576 0.100189 0.101796 0.113806 0.181347 1.159204 0.127711 0.131818 0.063584 1.169491 0.053447 0.087087 0.088757 0.107784 0.052889 1.131661 0.096096 0.175966 0.154167 0.120000 1.093656 0.116751 2.121884 0.147783 0.135638 0.165975 0.156566 0.164179 0.103870 0.101796 1.089955 1.092954 0.095310 0.082956 1.128146 0.081288 1.049430 0.175966 0.046995 0.110112 1.027827 0.078873 0.137546 0.192488 0.115646 1.126551 1.173913 0.018072 0.088060 0.072289 0.155303 1.098802 0.120267 0.072289 0.090361 0.126027 0.078313 0.101796 0.101796 0.120482 0.024096 1.048193 0.071856 0.084337 0.090361 0.153584 1.092145 0.120087 0.118644 1.087928 0.172662 0.095952 1.094170 0.093514 0.072289 1.090090 1.090226 0.064262 0.090226 0.092262 1.133028 0.066265 0.126027 0.102857 0.066265 0.078313 0.111597 0.099537 2.125000 1.134293 0.065868 0.131403 0.096154 0.092125 1.099698 1.082583 1.095380 0.077399 0.150350 0.175532 1.099617 0.132076 1.088154 0.049067 0.147783 1.145110 1.140940 0.102410 0.073370 1.089021 0.036145 1.050338 0.101796 0.096063 0.098361 0.053707 1.098655 0.165385 1.089021 0.094737 1.097160 0.084337 0.049094 1.080960 0.056647 0.049575 0.085329 0.107670 0.097451 1.086438 1.093195 1.072198 1.102253 0.055265 0.026233 0.095808 0.076923 0.115646 0.035304 0.192488 0.055664 0.061261 0.126728 0.084465 0.085973 0.097778 0.092006 0.086103 0.099099 0.156334 0.098529 0.084444 1.097598 1.139726 1.104962 0.058868 1.055976 0.056317 0.115512 0.055891 0.090620 0.104720 0.060241 0.107221 1.071942 1.055472 1.105263 1.095952 1.126551 0.036021 0.090639 0.042945 0.093333 0.052671 1.056929 0.084625
0.125000 0.028658 0.028791 0.032120 0.078788 0.034156 0.078788 0.062176 0.057971 0.050704 0.072289 2.000000 0.032323 0.068571 0.102362 0.078788 1.045977 0.063725 0.008576 0.071895 0.011364 0.034156 1.089552 0.034156 0.089041 0.078788 0.032020 0.084507 0.150000 1.075188 0.012393 0.022659 1.163934 1.166667 0.018609 1.039867 0.021053 0.068063 0.057018 0.035519 0.027231 0.040609 1.045977 0.072289 0.032877 0.059113 0.090909 0.065868 0.035714 1.089552 0.024096 0.024096 0.025915 0.022624 1.032037 0.023006 1.015221 0.068063 0.011574 0.045455 0.008454 0.021216 0.064378 0.068571 0.026506 1.032663 0.078788 0.125000 0.025641 0.153846 0.062500 0.025487 0.029213 0.232558 0.083333 0.039216 0.128205 1.083333 1.211539 1.089552 0.058824 1.218750 0.142857 0.147059 0.074074 0.042403 0.022727 0.027273 0.129412 0.022355 0.042471 0.024169 1.024133 0.025680 0.088235 0.024133 0.025680 0.026136 0.024169 0.023988 0.039261 0.157895 0.039216 0.068966 0.500000 0.222222 0.033408 0.032483 1.048930 1.038554 1.130435 1.033860 0.023810 0.023881 0.027523 0.024169 0.027068 0.027907 0.058182 0.074830 0.027778 1.078788 1.017906 0.011073 0.072289 1.043624 2.038288 1.208333 0.019126 0.024024 0.212121 0.012030 1.211539 0.027331 0.027108 0.012859 0.024169 0.048673 0.024024 0.024242 0.025564 0.027108 0.011346 0.022523 0.012085 0.014174 0.022556 0.026866 0.028658 0.022556 0.022455 0.016181 1.022928 0.011958 0.007269 0.024096 0.026627 0.026506 0.008082 0.068571 1.018664 0.018083 0.026506 0.024242 0.024242 0.026786 0.024242 0.025680 0.025797 0.038356 0.025260 0.024096 0.027356 1.028090 0.026718 0.013585 0.015152 0.015267 0.050909 0.013616 0.030844 0.026826 0.219512 0.035242 0.027299 0.012753 0.027397 0.028658 1.032663 0.008576 0.023881 0.010597 0.020772 0.012792 0.013493 0.021792
1.060606 0.163957 0.180937 1.167208 2.331313 1.169725 2.333333 0.112450 1.140115 1.158172 0.104418 0.032323 2.000000 0.122772 0.081836 2.331313 1.132216 0.113546 0.078733 1.117172 0.116244 1.169725 0.040404 1.163359 1.086694 2.333333 0.147208 1.078788 0.034343 1.086519 0.117737 0.152318 0.038384 0.038384 0.125353 1.144788 1.161333 0.126761 1.116371 1.154804 1.167358 0.158759 2.132216 1.143145 0.150635 0.121757 2.145161 2.298990 0.173986 0.040404 1.166667 1.151163 1.153324 1.151715 1.150259 1.154270 1.113011 0.126761 0.109008 1.180243 1.060393 1.136476 1.131213 0.122772 0.173285 1.153846 2.331313 0.010101 1.165289 0.032323 0.109827 0.169631 0.183971 0.036364 0.058586 1.163339 1.028283 0.040404 0.038384 0.042424 0.016162 1.024242 0.032323 0.032323 1.042424 0.154739 0.162088 0.172117 0.060606 0.161725 1.146435 1.158584 0.164420 1.170360 0.034343 0.165986 0.161247 1.137595 0.152722 1.170532 1.176471 0.032323 1.166052 0.050505 0.034343 0.034343 1.153061 0.155556 1.147664 1.175844 0.036364 1.176895 1.161074 1.155288 0.171703 1.162346 0.171622 0.173975 0.129456 0.100394 1.161648 0.107570 1.147583 0.105335 1.850252 1.143419 1.165803 0.042424 0.145019 0.167352 0.024242 0.107065 0.038384 0.160167 1.159401 1.111524 0.173207 0.119284 0.157895 1.156889 0.166216 1.154262 1.106509 0.153439 1.819031 1.104050 0.157754 0.169606 0.155125 0.164420 0.160858 0.138741 1.157233 1.098765 0.062559 0.163265 1.159946 0.173285 0.077999 1.122772 0.151107 0.126970 0.167870 0.159304 0.160982 0.157333 0.159517 0.167785 0.168289 0.158182 0.164659 0.154696 0.165062 1.153137 0.171849 1.112343 0.111769 0.116555 0.137177 1.117084 0.173529 0.161507 0.036364 1.166387 0.158505 1.100877 0.166895 0.161064 1.153846 0.078733 0.171429 0.089906 0.159362 0.112749 0.120944 0.149254
0.113636 0.098039 0.111742 0.109474 1.188119 0.107345 0.193069 0.184685 0.163194 0.142466 0.192488 0.068571 0.122772 2.000000 0.123810 1.188119 1.136240 0.141079 0.041560 0.181818 0.053788 0.107345 0.073446 0.107345 0.141463 0.193069 0.132353 0.117647 0.062857 0.183673 0.051817 0.097892 0.108571 0.101124 0.061704 1.112500 0.087218 0.144860 0.170833 0.136364 0.084720 0.119617 2.136240 0.170854 1.149864 0.127660 0.151515 0.191919 0.116910 0.073446 0.084337 0.091729 0.094082 0.084465 1.121282 0.079755 0.056317 1.144860 0.047766 0.113379 0.030997 0.094708 0.167939 2.000000 0.099057 1.129353 0.188119 0.028571 0.100752 0.080000 0.164875 0.085457 0.117647 0.060773 0.141243 0.151934 0.074286 0.073446 0.085714 0.073446 0.028571 1.051429 0.068571 0.074286 0.062857 0.158249 0.095455 0.140909 0.151685 0.102679 0.121951 0.096386 0.099398 0.081571 0.067797 0.099398 0.086103 0.070455 0.098039 0.103293 0.128736 0.068571 0.136111 0.084746 0.080000 0.068571 0.120614 0.116173 1.103975 1.142518 0.068571 1.112613 0.100890 0.092399 0.097710 0.096096 0.087218 0.083460 0.145390 0.174603 0.122807 0.168367 1.085048 0.062889 1.170854 2.127090 1.127803 0.060773 0.090164 0.100450 0.074286 0.054887 0.085714 0.093949 0.093373 0.056689 0.096531 0.168776 0.103293 0.101362 0.097744 0.100752 0.052950 0.102102 0.052115 0.055280 0.102102 0.096726 0.093373 0.095808 0.096870 0.078664 2.093474 0.056054 0.027479 0.088456 0.094340 0.099057 0.041224 3.000000 0.060136 0.063234 1.113207 0.098336 0.101056 0.095097 0.104387 0.098951 0.099398 0.148248 0.096774 0.097892 0.098634 2.146814 0.109228 0.050566 0.053030 0.053435 0.129371 0.055219 1.279221 0.094675 0.079096 0.118681 0.079023 0.055514 0.098485 0.103759 1.129353 1.041988 0.096439 0.040714 0.084570 0.056433 0.053223 1.210654
0.125984 0.070045 0.079848 0.093617 0.158470 0.068053 0.158470 0.155660 0.119565 0.098093 0.183333 0.102362 0.081836 0.123810 2.000000 0.158470 1.087571 0.137615 0.026587 0.174157 0.043019 0.068053 0.075758 0.073171 0.107954 0.158470 0.092199 0.141304 0.047244 0.151163 0.037926 0.070571 0.070866 0.059701 0.042116 1.096346 0.070677 0.177885 0.145923 0.117808 0.076807 0.098485 1.087571 0.190217 0.106267 0.142857 0.191257 0.159794 0.088050 0.075758 0.065967 0.065967 0.070122 0.067873 1.087527 0.065951 0.039574 0.177885 0.044753 0.076253 0.023952 0.068917 0.141079 0.123810 0.081395 1.093596 0.159575 0.031496 0.075415 0.093023 0.141177 0.067466 0.092135 0.101562 0.105960 0.100817 0.085938 0.075758 0.076336 0.083333 0.039370 1.078740 0.031496 0.110236 0.070866 0.102389 0.072727 0.097727 0.153846 0.077266 0.128571 0.071964 0.079699 0.072508 0.086614 0.070359 0.064955 0.054545 0.064955 0.067466 0.091954 0.093750 0.100817 0.106870 0.094488 0.078740 0.080178 0.097448 1.110119 1.079254 0.061538 0.085779 0.069733 0.070149 0.074924 0.069486 0.070677 0.079070 0.112676 0.141104 0.073123 0.175439 1.067493 0.038754 0.190217 1.101307 1.083333 0.101562 0.057377 0.073353 0.094488 0.043609 0.076336 0.080257 0.067771 0.043873 0.066465 0.138075 0.067466 0.072727 0.069173 0.068759 0.041604 0.066667 0.044562 0.041106 0.065770 0.062687 0.062874 0.069173 0.080597 0.052859 1.079225 0.043348 0.023697 0.073684 0.071006 0.081395 0.025946 0.123810 0.057900 0.053345 0.076744 0.075529 0.069173 0.064706 0.068182 0.067669 0.077390 0.104839 0.072593 0.066265 0.071429 1.111111 0.532441 0.044528 0.047727 0.046565 0.147887 0.043116 0.075806 0.071535 0.066176 0.100877 0.070504 0.042010 0.071537 0.070677 1.093596 0.026587 0.076119 0.033463 0.074184 0.042889 0.040480 0.063855
1.105263 0.082707 0.101695 1.104384 3.000000 1.096774 2.993939 0.185714 1.156997 1.131147 0.159420 0.078788 2.331313 1.188119 0.158470 2.000000 1.103641 0.161435 0.032161 1.186813 0.052194 1.096774 0.078788 1.092979 1.154696 2.993939 0.114634 1.134021 0.060606 1.149171 0.054222 0.069173 0.072727 0.060241 0.066212 1.129747 1.091317 0.167442 1.160643 1.119891 1.095166 0.119403 2.103642 1.326203 1.105978 0.161017 2.326203 2.880240 0.087500 0.078788 1.080960 1.090361 1.072072 1.075415 1.096491 1.064417 1.051750 1.167442 0.054012 1.116071 1.022887 1.077356 1.149193 0.188119 0.130952 1.119701 2.993939 0.024242 1.082956 0.096970 0.110656 0.089820 0.121145 0.084848 0.090909 1.118919 1.066667 0.078788 0.072727 0.072727 0.042424 1.036364 0.054545 0.066667 1.072727 0.140065 0.082090 0.115556 0.134503 0.073025 1.151625 1.075893 0.084211 1.082956 0.065476 0.079940 0.079940 1.070455 0.075529 1.086567 1.106987 0.078788 1.121622 0.086207 0.072727 0.078788 1.103297 0.102041 1.113095 1.108173 0.090909 1.111111 1.077381 1.071642 0.086758 1.090634 0.076692 0.087558 0.136519 0.189189 1.104743 0.172727 1.064738 0.047751 2.033310 2.138462 1.091489 0.084337 0.075137 0.073353 0.066667 0.045113 0.072727 0.092210 1.082831 1.052194 0.081571 0.133080 0.075075 1.086364 0.074963 1.088855 1.050681 0.088323 1.757711 1.048193 0.073684 0.080238 0.084465 0.079699 0.079104 0.067815 2.092820 1.045590 0.024652 0.081325 1.076923 0.130952 0.031051 1.188119 0.065815 0.057762 1.130952 0.083333 0.071642 0.083086 0.083582 0.081571 0.075873 0.109375 0.078752 0.084084 0.077273 2.131653 0.089720 1.047547 0.057489 0.051908 0.164336 1.049849 0.088282 0.078987 0.066667 1.101512 0.083453 1.049512 0.092564 0.078752 1.119701 1.032161 0.082090 0.041272 0.084195 0.048835 0.050150 0.073850
1.063218 1.138177 1.161347 1.180000 1.103641 1.134615 1.103641 2.144809 1.178862 1.150776 2.121884 1.045977 1.132216 1.136240 1.087571 1.103641 2.000000 1.131720 1.058244 1.120448 1.094737 1.134483 1.054286 1.139655 1.115169 1.103641 1.161616 1.109290 1.031609 1.117143 1.088235 1.135328 1.048571 1.060345 1.116505 1.165025 1.161527 1.127479 1.147849 1.141892 1.145985 1.171806 2.000000 1.099730 1.189011 1.123989 1.090659 1.094286 1.149425 1.054286 1.149031 1.139296 1.145588 1.160714 1.147844 1.137371 1.093041 1.127479 1.096998 1.183128 1.054539 1.127800 1.151515 1.136240 1.168421 1.168776 1.109244 1.017241 1.140969 1.031609 1.163488 1.148968 1.176349 1.043103 1.077364 1.181177 1.054131 1.045714 1.051724 1.048571 1.020115 1.020115 1.028736 1.031609 1.054598 1.170985 1.139665 1.174089 1.077586 1.133148 1.148936 1.136752 1.133236 1.155786 1.028736 1.144509 1.161961 1.120225 1.134722 1.134111 1.164271 1.031609 1.181604 1.068966 1.037356 1.057307 1.163265 1.184322 1.450143 1.206522 1.045977 1.170431 1.133047 1.138282 1.133429 1.130618 1.142647 1.124077 1.179949 1.123563 1.159259 1.126761 1.134308 1.087647 1.099730 1.161539 1.169772 1.048851 1.140770 1.136827 1.040230 1.093820 1.051724 1.160121 1.143066 1.094074 1.138484 1.147541 1.135058 1.152299 1.140303 1.139971 1.088125 1.144105 1.089541 1.095339 1.139830 1.147353 1.131102 1.144681 1.134307 1.117771 1.146179 1.091852 1.045182 1.128571 1.131617 1.168421 1.059898 1.136240 1.101463 1.104610 1.151386 1.147186 1.141177 1.134700 1.147776 1.141429 1.140603 1.167756 1.135058 1.137733 1.147016 1.187225 1.149466 1.096168 1.083210 1.093536 1.140260 1.081893 1.151703 1.132290 1.043103 1.183333 1.119149 1.097087 1.135693 1.140000 1.168776 1.058244 1.142241 1.075167 1.155977 1.090231 1.088125 1.128297
0.107843 0.109955 0.097015 0.124481 0.161435 0.125234 0.161435 0.168033 0.159021 0.141333 0.131356 0.063725 0.113546 0.141079 0.137615 0.161435 1.131720 2.000000 0.042845 0.161435 0.065660 0.125234 1.102941 0.125234 0.160551 0.161435 0.142857 0.144144 0.034314 1.115880 0.057737 0.098820 1.107843 1.098039 0.071081 1.146032 0.103858 0.120155 0.137931 0.146530 0.110448 0.119159 1.131720 0.153192 0.130890 0.673171 0.166667 0.168142 0.115768 1.102941 0.105105 0.102832 0.099554 0.104499 1.142222 0.095023 0.058201 0.120155 0.049269 0.124464 0.034847 0.096910 0.128814 0.141079 0.119658 1.107728 0.161435 0.029412 0.114925 0.029412 0.171821 0.100890 0.114035 1.058824 1.117073 0.144385 0.058824 1.112745 1.098039 1.093137 1.029412 1.039216 0.053922 0.058824 0.083333 0.170418 0.085756 0.126050 0.103604 0.102374 0.166078 0.089466 0.105970 0.087667 0.063725 0.109955 0.104947 0.084270 0.119048 0.106352 0.128261 1.044118 0.144385 0.100000 0.053922 0.063725 0.120350 0.150000 1.131868 1.121212 0.058824 0.128319 0.092199 0.104412 0.111952 0.094964 0.104167 1.094656 1.163399 0.126087 0.125241 0.142259 1.095628 0.061168 0.153192 1.146032 1.124736 1.068627 0.082888 0.100147 0.048780 0.062874 1.098039 0.101404 0.105812 0.060423 0.104874 0.164179 0.101040 0.101492 0.113095 0.100443 0.063016 0.102222 0.063016 0.063076 0.090379 0.110619 0.093750 0.106667 0.104720 0.076271 1.104056 0.058209 0.032238 0.090387 0.096542 0.119658 0.042074 0.141079 0.083008 0.070979 0.119658 0.108955 0.110448 0.104106 0.084527 0.107623 0.108108 0.129268 0.086648 0.103093 0.112782 1.137203 0.098720 0.063205 0.059758 0.059002 0.148607 0.061934 0.113269 0.098820 1.063725 0.142241 0.104584 0.058780 0.115964 0.105341 1.107728 0.042845 0.097384 0.047911 0.099415 0.063528 0.062033 0.089713
1.017581 0.098437 0.076825 0.078239 0.032161 1.080034 0.032161 0.038165 1.053173 1.061190 0.036021 0.008576 0.078733 0.041560 0.026587 0.032161 1.058244 0.042845 2.000000 0.032161 0.150242 1.080034 0.014580 1.351910 0.030394 0.032161 0.201707 0.025729 0.008576 0.029160 0.144598 0.099233 0.015009 0.012864 0.126630 1.056103 0.095785 0.035163 1.044853 1.062367 0.100769 1.069290 1.058244 0.030017 0.059529 0.036878 0.030017 0.036021 0.075448 0.014580 0.099445 0.103110 0.105688 0.100299 1.072983 0.097488 0.149340 0.035163 0.146502 1.073536 0.181424 0.102684 0.041595 0.041560 0.292645 1.065953 0.031732 0.003002 0.104567 0.007719 0.044597 0.095503 0.071429 0.010720 0.015009 0.059957 0.010292 0.014151 0.014580 0.013293 0.003431 1.007290 0.008148 0.008576 0.012436 0.053579 0.105892 0.071949 0.019726 0.104522 0.351211 0.102476 0.100851 0.099188 0.009005 0.099360 0.098592 0.108991 0.108640 0.102792 0.076463 0.007290 0.060009 1.014151 0.007719 0.013293 0.069867 0.073171 1.054889 1.066781 0.010292 0.069260 0.104219 0.102041 0.100170 0.102520 0.100000 0.094750 0.049743 0.034734 0.073108 0.037307 1.097789 0.967795 0.030017 1.054889 1.076825 0.012007 0.105151 0.103962 0.007719 0.153689 0.014580 0.088537 0.103902 0.153057 0.105419 0.044597 0.100000 0.099360 0.101406 0.099233 0.152040 0.100128 0.152927 0.153317 0.101486 0.107797 0.101363 0.106048 0.102673 0.128421 1.086698 0.153815 0.306305 0.102923 1.269519 0.292645 1.417043 0.041560 0.427194 0.565897 0.236230 0.101572 0.103786 0.106792 0.103653 0.107311 0.099745 0.059177 0.110354 0.101104 0.101954 1.058244 0.080769 0.154556 0.156429 0.150144 0.054008 0.151951 0.100128 0.104567 0.012007 0.077450 0.095055 0.148057 0.103814 0.108593 1.065953 1.212343 0.100340 0.167166 0.100683 0.140351 0.148239 0.113160
0.137255 0.073244 0.097889 1.078723 1.186813 0.094877 1.173184 0.185185 0.141343 0.109859 0.151376 0.071895 1.117172 0.181818 0.174157 1.186813 1.120448 0.161435 0.032161 2.000000 0.052273 0.094877 0.071895 0.094877 1.157609 1.157609 0.109756 0.188235 0.071895 1.173653 0.051817 0.084592 0.071895 0.071895 0.051910 1.132686 1.081724 0.148837 0.141631 0.122283 1.078669 0.116049 2.118310 0.140187 0.126344 0.178571 1.133641 1.162437 0.098532 0.071895 1.077496 1.085329 1.085366 1.076347 1.115646 1.080793 1.050989 0.148837 0.045525 0.118304 1.027122 1.079944 1.133064 0.181818 0.117647 1.115196 1.171123 0.032468 1.075415 0.084967 0.136187 0.080960 0.106195 0.083871 0.095541 1.112045 1.097403 0.071895 0.071895 0.071895 0.038710 1.045752 0.098039 0.071895 1.071895 0.136213 0.078788 0.120455 0.130178 0.082718 0.161290 1.090090 0.082956 1.082090 0.065359 0.081448 0.078550 1.058957 0.080060 1.079460 1.120454 0.065359 1.117647 0.110429 0.064935 0.084967 1.087719 0.114679 1.112805 1.111374 0.071429 1.096847 1.083333 1.074627 0.085496 1.084592 0.077844 0.074303 0.134021 0.187500 1.095050 0.196891 1.081967 0.053287 1.140187 1.123779 1.110360 0.083871 0.068306 0.081081 0.052288 0.045865 0.071895 0.088424 1.079819 1.047655 0.084084 0.145749 0.088589 1.081571 0.079699 1.082831 1.046899 0.085586 1.052115 1.048193 0.082212 0.081602 0.082956 0.079699 0.079341 0.071044 1.079086 1.051570 0.026549 0.082831 0.082840 0.117647 0.031476 0.181818 0.059687 0.057866 0.097619 0.088855 0.077273 0.086310 0.085843 0.082583 0.087481 0.122396 0.078752 0.081325 0.084592 1.120448 0.095420 1.046792 0.040909 0.051145 0.137457 1.049924 0.080906 0.083086 0.078431 1.095652 0.073381 1.046512 0.080670 0.076462 1.115196 0.032161 0.076119 0.042387 0.080764 0.050414 0.044978 0.073761
0.028030 1.824763 0.126488 0.809489 0.052194 0.115156 0.051515 0.062879 0.081061 0.100000 0.057576 0.011364 0.116244 0.053788 0.043019 0.052194 1.094737 0.065660 0.150242 0.052273 2.000000 0.115413 0.021212 0.116729 0.048448 0.051515 0.110696 0.052194 0.012121 0.049242 0.154717 1.412463 0.021212 0.020424 0.166205 1.077098 1.338996 0.059803 1.385239 0.087746 1.778661 0.091046 1.094737 0.046970 0.096677 0.057445 0.046863 0.056818 0.126293 0.021212 1.344469 1.389591 1.389717 1.444417 2.183597 1.305287 1.663779 0.059803 0.170106 0.110443 1.980654 0.615750 1.112030 0.053788 0.104556 1.097907 0.052194 0.003788 1.690648 0.017424 1.492308 1.845946 1.230189 0.016667 0.027273 0.196981 0.016667 0.021212 0.020455 0.019697 0.008333 1.009848 0.012879 0.010606 0.021212 0.184091 1.411590 1.266667 0.031818 1.429207 1.087994 1.404319 1.406553 1.360327 0.013636 1.412509 1.342984 0.188903 1.401340 1.408315 1.248681 0.012879 0.194717 0.026475 0.012879 0.015152 1.240782 0.201952 1.084592 1.104308 0.012121 1.230711 1.403107 1.391111 1.399254 1.395383 1.395539 0.140544 1.170325 0.046212 1.163934 0.050000 2.209159 0.170802 0.046970 1.080999 2.264264 0.015909 0.141429 1.412333 0.010606 1.467467 0.020455 0.141482 1.380669 1.728371 1.419451 1.121988 1.408618 2.027397 1.402675 1.345926 1.422446 1.346924 1.436832 1.394103 1.624485 1.384444 1.327637 1.393309 1.393625 0.201356 1.135994 1.435544 0.125229 1.407132 0.156087 0.104556 0.150382 0.053788 0.164963 1.380862 0.100601 1.408209 1.413124 1.328171 1.412333 1.386905 1.397311 0.091660 1.396603 1.417533 1.394619 1.093163 0.123503 1.432060 1.450758 0.432552 0.080633 1.426230 1.243284 1.381199 0.016667 0.226929 0.197513 1.463601 1.401645 0.391661 1.097907 0.150306 0.404444 1.390517 0.400149 0.418217 0.339444 0.278951
1.045455 0.170041 0.156342 0.173203 1.096774 2.866025 1.096774 0.105647 1.640024 2.673624 0.100189 0.034156 1.169725 0.107345 0.068053 1.096774 1.134483 0.125234 1.080034 0.094877 0.115413 2.000000 0.037951 2.510848 1.084404 1.096774 1.238179 0.086142 0.024668 1.077358 0.104072 0.151899 0.039848 0.039848 1.125933 1.140820 0.164238 0.092105 1.139623 1.330778 1.170213 1.130872 1.134615 0.107011 0.146805 0.115456 1.107209 1.094877 0.164615 0.037951 0.159362 1.155928 0.166445 0.178571 1.150641 1.154270 1.122677 0.092105 0.119940 1.578791 1.074464 0.158220 0.144212 0.107345 1.254448 1.141287 1.096774 0.007590 0.156736 0.032258 0.115672 0.167553 0.172800 0.034156 0.047438 0.162257 0.039848 0.037951 0.036053 0.039848 0.015180 1.015180 0.034156 0.020873 0.036053 0.143911 0.154140 0.153213 0.069943 0.155327 1.135283 0.164021 0.149616 0.164219 0.030361 0.155499 0.165333 0.155873 0.166213 0.153944 0.163399 0.022770 0.164021 1.343599 0.024668 0.041746 0.186777 0.154860 1.130890 1.163194 0.030361 0.155803 0.153165 0.157692 0.158710 0.156129 0.174871 0.140260 0.126316 0.073308 1.153285 0.088180 1.165816 1.106952 1.107011 1.119005 1.156607 0.034156 1.150784 0.158974 0.024668 0.114840 0.036053 1.550236 0.165173 0.128794 0.162914 0.125224 0.158552 0.158771 0.159091 0.153266 0.122480 0.158031 0.116331 0.121041 0.165572 0.151707 0.177522 0.156047 0.156410 0.151697 1.168129 0.120614 1.068976 0.165580 1.164975 1.254448 1.079392 0.107345 1.124464 1.144748 1.250871 0.152542 0.153165 0.165589 0.156688 0.160315 0.168883 1.231041 0.156915 0.150565 0.165782 1.150350 0.141823 0.121280 0.125000 0.123485 0.112847 0.124718 0.165963 0.169536 0.026565 0.166139 0.164258 1.124534 0.165375 0.174252 1.141287 1.080034 0.150000 0.101714 0.170895 0.122132 0.117391 0.152273
